1 0.05 0.13984375 0.1 0.2796875
1 0.6515625 0.52421875 0.1015625 0.10390625
1 0.47421875 0.44453125 0.059375 0.07109375
1 0.09921875 0.809375 0.06875 0.09765625
1 0.2390625 0.8109375 0.2046875 0.26796875
1 0.66015625 0.84609375 0.103125 0.10703125
1 0.83125 0.89453125 0.0765625 0.075
1 0.821875 0.8 0.08203125 0.078125
1 0.21484375 0.31328125 0.0921875 0.096875
1 0.39921875 0.33984375 0.1328125 0.165625
1 0.3328125 0.325 0.0484375 0.07265625
1 0.45859375 0.753125 0.084375 0.11328125
1 0.52109375 0.10078125 0.04921875 0.0875
1 0.53984375 0.00234375 0.05625 0.00390625
1 0.665625 0.2859375 0.07421875 0.07421875
1 0.01171875 0.95546875 0.0234375 0.0890625
1 0.85390625 0.4953125 0.04296875 0.06015625