1 0.01796875 0.9640625 0.028125 0.071875
0 0.25234375 0.9859375 0.03984375 0.028125
0 0.09375 0.9578125 0.05 0.05859375
0 0.10703125 0.815625 0.04375 0.0546875
0 0.06640625 0.740625 0.028125 0.0390625
0 0.1859375 0.7359375 0.0828125 0.05390625
0 0.06015625 0.37734375 0.05390625 0.0484375
1 0.79296875 0.4859375 0.17578125 0.20234375
1 0.915625 0.2625 0.109375 0.1234375
1 0.75390625 0.75234375 0.0671875 0.07890625
1 0.8328125 0.81484375 0.05625 0.04375
1 0.94921875 0.71484375 0.0484375 0.0515625
1 0.30625 0.45625 0.03515625 0.06328125
1 0.52890625 0.4046875 0.05625 0.0640625
1 0.228125 0.65546875 0.09453125 0.09375
1 0.290625 0.5828125 0.059375 0.059375
1 0.33984375 0.6953125 0.0703125 0.07734375
1 0.7359375 0.9578125 0.0640625 0.084375
1 0.58984375 0.2265625 0.01796875 0.0359375
0 0.3265625 0.9734375 0.0515625 0.040625
1 0.44765625 0.9640625 0.09609375 0.071875
1 0.6328125 0.35390625 0.040625 0.05
0 0.28046875 0.0734375 0.04765625 0.065625
0 0.29375 0.3328125 0.034375 0.040625
1 0.47578125 0.58515625 0.0859375 0.0734375
1 0.46875 0.7859375 0.0484375 0.08203125