1 0.58828125 0.534375 0.0875 0.09921875
0 0.20625 0.6734375 0.0515625 0.0890625
0 0.24765625 0.52890625 0.053125 0.06484375
1 0.35390625 0.43828125 0.0578125 0.0671875
0 0.16875 0.8390625 0.05625 0.05234375
1 0.28671875 0.82109375 0.0765625 0.0640625
1 0.02421875 0.19765625 0.04765625 0.07578125
1 0.0953125 0.27734375 0.04453125 0.04921875
0 0.2890625 0.2703125 0.040625 0.05078125
0 0.48125 0.2359375 0.040625 0.06171875
0 0.07890625 0.5640625 0.04453125 0.07109375
0 0.34765625 0.99765625 0.0640625 0.00390625
0 0.54921875 0.2390625 0.0640625 0.06875
0 0.23828125 0.9859375 0.05234375 0.028125
0 0.371875 0.05625 0.05390625 0.0625
0 0.6078125 0.3734375 0.07265625 0.04921875
0 0.41171875 0.1984375 0.03828125 0.06640625
0 0.63828125 0.2140625 0.05859375 0.07421875
0 0.73046875 0.42578125 0.06640625 0.06640625
0 0.44765625 0.096875 0.0296875 0.03984375
0 0.4203125 0.73046875 0.046875 0.08359375
0 0.484375 0.95546875 0.046875 0.0375
0 0.821875 0.971875 0.04375 0.05625