1 0.0375 0.1828125 0.0390625 0.034375
1 0.16015625 0.17890625 0.09375 0.1109375
1 0.6859375 0.59765625 0.17578125 0.1796875
1 0.59296875 0.146875 0.1296875 0.153125
1 0.684375 0.95546875 0.14375 0.0890625
1 0.19296875 0.63671875 0.1140625 0.1015625
1 0.07734375 0.78515625 0.08515625 0.08359375
1 0.971875 0.9734375 0.05625 0.053125
1 0.01796875 0.515625 0.0359375 0.05625
1 0.28125 0.778125 0.1515625 0.16484375
1 0.40390625 0.94375 0.16796875 0.11171875
1 0.36171875 0.23125 0.10390625 0.1140625
1 0.609375 0.4171875 0.140625 0.15546875
1 0.95546875 0.65 0.0890625 0.090625
1 0.7484375 0.34375 0.2171875 0.23828125
1 0.07421875 0.40390625 0.028125 0.0328125
1 0.9765625 0.2828125 0.046875 0.09375
1 0.9078125 0.10078125 0.13203125 0.17734375
1 0.57109375 0.76171875 0.075 0.08828125
1 0.3609375 0.6328125 0.14140625 0.14921875
1 0.0828125 0.53984375 0.04609375 0.04765625
1 0.3546875 0.41328125 0.0453125 0.046875
1 0.5328125 0.90625 0.02578125 0.05234375
1 0.18984375 0.25234375 0.025 0.0375