1 0.9921875 0.12421875 0.015625 0.24765625
1 0.31171875 0.015625 0.0796875 0.03125
1 0.33046875 0.9015625 0.06015625 0.06328125
1 0.0875 0.4765625 0.0359375 0.03828125
0 0.26484375 0.32421875 0.04140625 0.065625
0 0.153125 0.29765625 0.04375 0.04375
0 0.25546875 0.25 0.065625 0.06640625
0 0.3640625 0.12734375 0.07734375 0.09609375
0 0.4171875 0.43359375 0.07109375 0.096875
0 0.2640625 0.396875 0.05234375 0.0609375
0 0.40703125 0.33203125 0.0875 0.08125
0 0.5046875 0.26875 0.03203125 0.05390625
0 0.49453125 0.53515625 0.0625 0.1
1 0.8265625 0.6671875 0.06796875 0.06875
0 0.090625 0.26328125 0.028125 0.0359375
0 0.015625 0.14609375 0.03125 0.1109375
0 0.13359375 0.1421875 0.034375 0.03125
0 0.07421875 0.703125 0.0890625 0.17734375
0 0.06796875 0.5921875 0.04453125 0.046875