1 0.94765625 0.9578125 0.0796875 0.084375
1 0.709375 0.94140625 0.0484375 0.065625
1 0.1984375 0.9609375 0.08359375 0.06484375
1 0.378125 0.971875 0.05234375 0.05625
0 0.10703125 0.36015625 0.0609375 0.06171875
1 0.32109375 0.24296875 0.04921875 0.0671875
0 0.01953125 0.80390625 0.0375 0.0453125
0 0.27265625 0.73984375 0.05546875 0.0453125
0 0.43125 0.67421875 0.07734375 0.07421875
0 0.4203125 0.546875 0.04765625 0.05234375
1 0.5078125 0.47734375 0.0609375 0.065625
0 0.5953125 0.6765625 0.0765625 0.0875
1 0.61796875 0.51171875 0.05078125 0.05390625
0 0.0140625 0.653125 0.028125 0.05
1 0.03828125 0.503125 0.02734375 0.0453125
0 0.596875 0.38359375 0.04765625 0.053125
0 0.709375 0.3296875 0.07265625 0.0578125
0 0.7921875 0.278125 0.05390625 0.06640625
0 0.7578125 0.16015625 0.03359375 0.0390625
0 0.83984375 0.2140625 0.05390625 0.05859375
1 0.934375 0.14765625 0.05078125 0.07734375
0 0.45625 0.28046875 0.071875 0.0796875
0 0.6484375 0.15703125 0.046875 0.0640625
0 0.678125 0.07890625 0.05078125 0.06015625
0 0.74609375 0.11015625 0.05 0.04296875
1 0.9 0.0265625 0.03828125 0.0515625
1 0.96015625 0.771875 0.0703125 0.07734375
0 0.1921875 0.82734375 0.0703125 0.06171875
1 0.2734375 0.67109375 0.10546875 0.06796875
0 0.78203125 0.534375 0.0671875 0.05859375
1 0.9265625 0.4625 0.0671875 0.075
0 0.11171875 0.0875 0.0703125 0.06171875
0 0.23046875 0.0734375 0.04375 0.0578125
0 0.74140625 0.39765625 0.03359375 0.05
0 0.946875 0.309375 0.04453125 0.04140625
0 0.99609375 0.3203125 0.0078125 0.05625
0 0.075 0.909375 0.0609375 0.06484375
0 0.871875 0.634375 0.046875 0.04375