1 0.728125 0.1 0.4640625 0.2
1 0.6984375 0.7984375 0.07578125 0.075
1 0.75234375 0.6328125 0.06328125 0.0796875
1 0.85546875 0.528125 0.0375 0.04609375
1 0.07734375 0.4984375 0.153125 0.19453125
1 0.25078125 0.5640625 0.06875 0.0625
1 0.17421875 0.91171875 0.05 0.053125
1 0.36875 0.90234375 0.12734375 0.1546875
1 0.0453125 0.25859375 0.08984375 0.2125
1 0.33984375 0.6953125 0.0703125 0.04453125
1 0.11328125 0.9265625 0.05625 0.06796875
1 0.95 0.9421875 0.1 0.115625
1 0.93359375 0.77890625 0.08515625 0.06953125
1 0.92109375 0.72890625 0.0328125 0.040625
1 0.28359375 0.04765625 0.0484375 0.0953125
1 0.884375 0.41875 0.0875 0.084375
1 0.3078125 0.34296875 0.0453125 0.06875
1 0.328125 0.26796875 0.09375 0.05390625
1 0.2921875 0.2109375 0.06328125 0.04453125
1 0.40703125 0.25546875 0.0125 0.04609375
0 0.01796875 0.8453125 0.03515625 0.06484375