1 0.20234375 0.92109375 0.0828125 0.08046875
1 0.05 0.5578125 0.07421875 0.22578125
1 0.64921875 0.3671875 0.07265625 0.09296875
1 0.08828125 0.15703125 0.0546875 0.07265625
1 0.14140625 0.278125 0.059375 0.065625
1 0.15078125 0.17421875 0.03671875 0.03515625
1 0.24375 0.3859375 0.03046875 0.05
1 0.29375 0.31875 0.0625 0.06875
1 0.29453125 0.2578125 0.06015625 0.05859375
1 0.48984375 0.971875 0.05234375 0.05625
1 0.96171875 0.7453125 0.03984375 0.0484375
0 0.4828125 0.6375 0.0328125 0.0390625
0 0.9703125 0.4015625 0.04609375 0.06796875
0 0.8640625 0.0515625 0.09765625 0.103125
1 0.82890625 0.05 0.02890625 0.03671875