1 0.4484375 0.2578125 0.1828125 0.1375
1 0.2515625 0.25234375 0.0453125 0.0546875
1 0.421875 0.16328125 0.04296875 0.04453125
0 0.46640625 0.92265625 0.0765625 0.059375
1 0.58984375 0.83203125 0.05859375 0.078125
1 0.91484375 0.96328125 0.02109375 0.03359375
1 0.93125 0.92734375 0.0359375 0.053125
1 0.425 0.53125 0.03125 0.04375
1 0.46640625 0.45078125 0.05078125 0.059375
1 0.05625 0.071875 0.03828125 0.07734375
1 0.2953125 0.07578125 0.0328125 0.04609375
1 0.27734375 0.015625 0.0359375 0.03125
0 0.5796875 0.028125 0.0640625 0.05625
1 0.6328125 0.07109375 0.02578125 0.03671875
1 0.7484375 0.10234375 0.034375 0.05390625
1 0.75703125 0.01171875 0.0671875 0.0234375
0 0.42421875 0.01796875 0.05625 0.0359375
0 0.3953125 0.63046875 0.06484375 0.06640625
0 0.45859375 0.7953125 0.0609375 0.07421875
0 0.50390625 0.69140625 0.04375 0.04921875
0 0.8609375 0.77890625 0.04296875 0.0640625
0 0.19296875 0.93984375 0.065625 0.0625
1 0.11015625 0.4875 0.03984375 0.0640625
0 0.1859375 0.3390625 0.0671875 0.059375
1 0.0390625 0.9 0.0421875 0.0375
1 0.078125 0.80390625 0.03671875 0.0453125
0 0.7984375 0.57265625 0.05703125 0.065625
1 0.9703125 0.4625 0.0328125 0.05234375
1 0.91953125 0.290625 0.0609375 0.0703125
1 0.6625 0.4359375 0.04609375 0.06875
0 0.9609375 0.39140625 0.0515625 0.040625