1 0.11171875 0.10390625 0.1921875 0.2078125
1 0.56875 0.215625 0.20078125 0.12578125
1 0.6875 0.4859375 0.20625 0.18671875
1 0.4390625 0.8125 0.2609375 0.359375
1 0.178125 0.9640625 0.09921875 0.06328125
1 0.0296875 0.4921875 0.05703125 0.046875
1 0.1875 0.4796875 0.09921875 0.08828125
1 0.35859375 0.46953125 0.090625 0.065625
1 0.09453125 0.6015625 0.1 0.096875
1 0.41640625 0.11171875 0.103125 0.0703125
1 0.10859375 0.24609375 0.03984375 0.05859375
0 0.88515625 0.75078125 0.0484375 0.06015625
0 0.63203125 0.865625 0.06171875 0.07421875
0 0.65703125 0.028125 0.03359375 0.03203125
0 0.6421875 0.796875 0.034375 0.02265625
1 0.71953125 0.91640625 0.07890625 0.053125
1 0.87109375 0.859375 0.040625 0.040625
1 0.2390625 0.32265625 0.03125 0.0265625