0 0.6453125 0.21796875 0.03046875 0.05546875
1 0.89921875 0.2109375 0.0453125 0.05234375
0 0.0890625 0.646875 0.03828125 0.05234375
1 0.18828125 0.51953125 0.046875 0.06171875
0 0.06640625 0.27109375 0.0703125 0.084375
1 0.146875 0.1640625 0.059375 0.05546875
1 0.68515625 0.42265625 0.0484375 0.034375
1 0.690625 0.38203125 0.05078125 0.06015625
1 0.87421875 0.4140625 0.05078125 0.05
0 0.446875 0.89765625 0.07109375 0.07890625
0 0.49453125 0.78203125 0.05 0.046875
1 0.63125 0.66328125 0.04453125 0.0375
1 0.66484375 0.68203125 0.04765625 0.05078125
0 0.6015625 0.95703125 0.05 0.05859375
0 0.62265625 0.8625 0.1 0.06953125
0 0.81796875 0.86953125 0.053125 0.06796875
1 0.8375 0.70390625 0.034375 0.04609375
0 0.525 0.015625 0.06875 0.03125
1 0.90078125 0.11640625 0.0421875 0.04375
1 0.9703125 0.35 0.05 0.05
0 0.12578125 0.1125 0.05078125 0.0515625
0 0.3 0.05703125 0.04609375 0.0328125
0 0.365625 0.346875 0.06171875 0.075
0 0.0171875 0.84765625 0.03359375 0.03203125
0 0.1828125 0.81328125 0.034375 0.06328125
0 0.39296875 0.69765625 0.08671875 0.0546875
0 0.25078125 0.87578125 0.0703125 0.04296875
0 0.60703125 0.13984375 0.0390625 0.059375
1 0.95390625 0.715625 0.040625 0.04453125
1 0.79140625 0.975 0.04609375 0.04921875