1 0.03203125 0.55234375 0.0546875 0.0796875
1 0.1109375 0.52421875 0.0765625 0.071875
1 0.84609375 0.728125 0.065625 0.12578125
1 0.69140625 0.528125 0.0609375 0.078125
1 0.09375 0.9421875 0.1875 0.115625
1 0.15546875 0.2984375 0.0703125 0.05078125
1 0.19140625 0.2171875 0.09375 0.096875
0 0.34765625 0.03984375 0.0640625 0.0796875
0 0.48359375 0.2015625 0.05390625 0.0578125
0 0.0671875 0.14140625 0.0609375 0.05703125
0 0.2375 0.01171875 0.053125 0.0234375
0 0.20625 0.38828125 0.0515625 0.05546875
0 0.41328125 0.37890625 0.04140625 0.06796875
0 0.51484375 0.3109375 0.02734375 0.0046875
0 0.19296875 0.62578125 0.040625 0.04921875
1 0.31640625 0.82578125 0.0625 0.065625
1 0.4625 0.86796875 0.115625 0.134375
1 0.65859375 0.94609375 0.1 0.003125
0 0.66171875 0.1453125 0.05703125 0.08125
0 0.821875 0.0078125 0.04375 0.015625