0 0.334375 0.08515625 0.0359375 0.05625
0 0.72734375 0.4296875 0.04453125 0.0578125
0 0.0375 0.95234375 0.04609375 0.06953125
0 0.1203125 0.99609375 0.04765625 0.0078125
0 0.19921875 0.7125 0.0671875 0.0453125
0 0.0453125 0.159375 0.05 0.065625
1 0.87421875 0.37265625 0.0328125 0.03828125
1 0.9390625 0.29140625 0.078125 0.09375
1 0.54453125 0.69921875 0.14140625 0.14765625
1 0.8296875 0.6078125 0.12734375 0.115625
1 0.65859375 0.83125 0.065625 0.06328125
1 0.99375 0.515625 0.01171875 0.05625
1 0.5421875 0.99375 0.05234375 0.01171875
1 0.86640625 0.05078125 0.04453125 0.0390625
1 0.2765625 0.57265625 0.05390625 0.0453125
1 0.38984375 0.48828125 0.05625 0.05625
1 0.36015625 0.50546875 0.03515625 0.040625
1 0.615625 0.20546875 0.03046875 0.034375
1 0.66953125 0.6359375 0.05390625 0.0546875
1 0.3359375 0.446875 0.065625 0.0515625
1 0.7703125 0.25078125 0.05390625 0.08046875
1 0.7765625 0.89453125 0.07734375 0.06171875
1 0.93046875 0.73125 0.06015625 0.04375
1 0.4890625 0.38671875 0.04140625 0.0375
1 0.1765625 0.240625 0.0265625 0.0375
0 0.05078125 0.41484375 0.0265625 0.0390625
0 0.04453125 0.6359375 0.03828125 0.0546875
0 0.03359375 0.55 0.03828125 0.0390625
0 0.09296875 0.45 0.03984375 0.0359375
0 0.1515625 0.53671875 0.04921875 0.046875
0 0.92890625 0.94453125 0.0359375 0.03828125