1 0.29453125 0.8203125 0.05859375 0.07109375
1 0.4265625 0.7390625 0.2109375 0.228125
0 0.11015625 0.9046875 0.040625 0.04375
1 0.19140625 0.88125 0.06015625 0.0578125
1 0.32578125 0.7234375 0.06640625 0.0609375
0 0.03203125 0.578125 0.04609375 0.14609375
1 0.0890625 0.61328125 0.0796875 0.05625
1 0.32578125 0.61171875 0.06640625 0.05234375
1 0.40703125 0.90625 0.0765625 0.06640625
1 0.11171875 0.98203125 0.1921875 0.0359375
0 0.60078125 0.95625 0.04765625 0.0625
1 0.7 0.87734375 0.046875 0.065625
0 0.609375 0.825 0.08828125 0.0484375
1 0.796875 0.79921875 0.071875 0.06171875
1 0.89765625 0.7640625 0.04921875 0.05546875
0 0.89921875 0.2640625 0.07734375 0.0703125
0 0.84375 0.1953125 0.0609375 0.06015625
1 0.9671875 0.1984375 0.0390625 0.03359375
1 0.98984375 0.1296875 0.0203125 0.13203125
1 0.98359375 0.10546875 0.0328125 0.0515625
1 0.17890625 0.31484375 0.09140625 0.08359375
1 0.1609375 0.53125 0.09609375 0.0859375
1 0.45078125 0.33984375 0.05234375 0.07109375
1 0.61953125 0.3421875 0.11796875 0.1
1 0.53984375 0.21796875 0.0859375 0.05859375
1 0.56640625 0.47734375 0.090625 0.07265625
0 0.16328125 0.1515625 0.109375 0.1015625
0 0.66953125 0.53984375 0.02421875 0.021875
0 0.8109375 0.5140625 0.0546875 0.05
1 0.82421875 0.39609375 0.03125 0.02734375
1 0.871875 0.38515625 0.03203125 0.05
1 0.775 0.184375 0.02265625 0.03046875
0 0.86875 0.0640625 0.04140625 0.0484375
0 0.81953125 0.67734375 0.0609375 0.04921875
0 0.85 0.72265625 0.04765625 0.04140625
0 0.96796875 0.4328125 0.04140625 0.03671875
0 0.9453125 0.68515625 0.05078125 0.06484375
1 0.91640625 0.82734375 0.021875 0.028125