1 0.45 0.67421875 0.05 0.0671875
1 0.625 0.51796875 0.05625 0.07421875
1 0.67734375 0.3859375 0.08046875 0.08203125
1 0.74140625 0.23046875 0.0484375 0.059375
1 0.17109375 0.17890625 0.196875 0.16328125
0 0.18125 0.49453125 0.05234375 0.0390625
1 0.3140625 0.41328125 0.05078125 0.07265625
1 0.3578125 0.5140625 0.06640625 0.08203125
1 0.6984375 0.5875 0.04375 0.06953125
1 0.71953125 0.48125 0.078125 0.06484375
1 0.9875 0.8421875 0.025 0.084375
1 0.8421875 0.44921875 0.11484375 0.096875
1 0.9875 0.9875 0.025 0.025
1 0.4234375 0.92109375 0.06953125 0.0484375
1 0.4890625 0.79765625 0.07265625 0.05859375
1 0.7890625 0.79765625 0.0734375 0.05859375
1 0.24609375 0.29765625 0.06640625 0.065625
1 0.6484375 0.1046875 0.0546875 0.08046875
1 0.9859375 0.42578125 0.028125 0.05234375
0 0.63515625 0.9359375 0.028125 0.04609375
0 0.2109375 0.9546875 0.0609375 0.06171875
0 0.03984375 0.8046875 0.03828125 0.06953125
0 0.1453125 0.7515625 0.0328125 0.06640625
0 0.86484375 0.234375 0.04765625 0.04375
0 0.9515625 0.2015625 0.096875 0.075
0 0.83828125 0.07109375 0.0515625 0.0671875
0 0.60859375 0.82578125 0.04921875 0.0546875
0 0.89609375 0.6640625 0.05859375 0.0578125
0 0.9328125 0.6265625 0.03515625 0.0453125
0 0.96484375 0.6546875 0.0359375 0.0390625
0 0.99765625 0.584375 0.00390625 0.03203125
0 0.92578125 0.08984375 0.04921875 0.05234375
0 0.88125 0.73203125 0.05703125 0.0734375
0 0.14140625 0.534375 0.05859375 0.0609375
0 0.04296875 0.43984375 0.05 0.08984375