1 0.39296875 0.3984375 0.0796875 0.075
1 0.08515625 0.86484375 0.0734375 0.09609375
1 0.75546875 0.0890625 0.10234375 0.06484375
1 0.64921875 0.3328125 0.040625 0.0390625
1 0.4421875 0.69609375 0.05078125 0.06171875
1 0.50703125 0.16875 0.03671875 0.04765625
0 0.07578125 0.1578125 0.05390625 0.0421875
0 0.15234375 0.0390625 0.0546875 0.06875
0 0.0234375 0.26953125 0.0375 0.08203125
1 0.971875 0.1421875 0.05625 0.13203125
0 0.5078125 0.559375 0.05390625 0.08515625
0 0.69453125 0.42265625 0.05859375 0.0765625
0 0.771875 0.4296875 0.03828125 0.05
0 0.775 0.63984375 0.04453125 0.04609375
0 0.0375 0.48359375 0.04140625 0.06953125
0 0.0640625 0.35 0.0390625 0.04296875
0 0.18125 0.209375 0.0484375 0.04921875
0 0.69765625 0.8640625 0.065625 0.07109375
0 0.8890625 0.8796875 0.1046875 0.08515625
0 0.8578125 0.73359375 0.05078125 0.05
1 0.93671875 0.47734375 0.0796875 0.0890625