1 0.65703125 0.609375 0.028125 0.05078125
1 0.6796875 0.5296875 0.090625 0.0984375
1 0.8296875 0.528125 0.06484375 0.0734375
0 0.81171875 0.45 0.0375 0.0421875
0 0.57578125 0.8375 0.0234375 0.03125
0 0.66015625 0.803125 0.03125 0.02265625
0 0.67890625 0.7421875 0.0328125 0.0203125
0 0.75625 0.67109375 0.05234375 0.0578125
1 0.83359375 0.1390625 0.07890625 0.090625
1 0.81015625 0.1890625 0.0265625 0.03359375
0 0.91875 0.14375 0.0359375 0.05
1 0.684375 0.021875 0.14375 0.04375
1 0.66796875 0.12578125 0.10546875 0.103125
1 0.22109375 0.121875 0.1375 0.1234375
1 0.971875 0.015625 0.05625 0.03125
1 0.40390625 0.05234375 0.16796875 0.10390625
1 0.1390625 0.8578125 0.140625 0.13203125
1 0.07578125 0.65546875 0.04765625 0.05234375
1 0.05703125 0.5984375 0.0671875 0.04453125
1 0.26796875 0.68671875 0.0796875 0.11484375
1 0.38359375 0.7171875 0.1140625 0.103125
1 0.3921875 0.63359375 0.08203125 0.0765625
1 0.4203125 0.3140625 0.08125 0.065625
1 0.35859375 0.95078125 0.04765625 0.04921875
1 0.06640625 0.45078125 0.0578125 0.07578125
1 0.48046875 0.38359375 0.08515625 0.1203125
0 0.7125 0.83046875 0.03359375 0.021875
0 0.9203125 0.36953125 0.04453125 0.03671875