1 0.64921875 0.15234375 0.12890625 0.11875
1 0.5203125 0.03203125 0.0796875 0.0640625
1 0.4109375 0.46796875 0.12421875 0.078125
1 0.58359375 0.4375 0.06953125 0.0734375
1 0.9515625 0.7109375 0.096875 0.3125
1 0.96171875 0.4421875 0.07578125 0.07578125
1 0.88125 0.31875 0.20703125 0.09296875
0 0.59296875 0.28671875 0.034375 0.040625
1 0.74609375 0.3 0.03359375 0.04375
1 0.89375 0.2125 0.08203125 0.05546875
1 0.18671875 0.16015625 0.16328125 0.1671875
1 0.203125 0.0296875 0.08515625 0.05
1 0.03671875 0.6453125 0.07265625 0.1203125
1 0.17578125 0.5859375 0.26171875 0.18671875
1 0.1453125 0.92578125 0.10546875 0.08984375
1 0.253125 0.82578125 0.04921875 0.06640625
1 0.50078125 0.81953125 0.13671875 0.11015625
1 0.33359375 0.2203125 0.0375 0.06171875
1 0.809375 0.015625 0.04375 0.03125
0 0.38515625 0.1859375 0.02578125 0.028125
0 0.56953125 0.40234375 0.02578125 0.02421875
0 0.70390625 0.4265625 0.02421875 0.034375
0 0.75390625 0.41015625 0.02734375 0.03515625
0 0.81953125 0.40625 0.01953125 0.0390625
0 0.7109375 0.6078125 0.03515625 0.03125
0 0.7921875 0.74140625 0.02890625 0.04609375
0 0.659375 0.89140625 0.0203125 0.0265625
0 0.66953125 0.57109375 0.01875 0.028125
0 0.3484375 0.1171875 0.01953125 0.0265625
0 0.39921875 0.10703125 0.01796875 0.02578125
1 0.92734375 0.015625 0.0328125 0.03125
0 0.746875 0.6375 0.0171875 0.040625