1 0.72734375 0.85546875 0.4640625 0.2890625
1 0.7734375 0.615625 0.16171875 0.14140625
1 0.271875 0.1546875 0.04609375 0.0515625
0 0.35 0.26796875 0.05 0.0546875
1 0.43046875 0.1171875 0.06796875 0.05625
0 0.06640625 0.33671875 0.0671875 0.0640625
1 0.275 0.33828125 0.059375 0.075
1 0.496875 0.2296875 0.05625 0.07421875
1 0.1953125 0.490625 0.0453125 0.0515625
1 0.22734375 0.3359375 0.0453125 0.07890625
1 0.2921875 0.50859375 0.06328125 0.0546875
0 0.27109375 0.7328125 0.06015625 0.0796875
0 0.36796875 0.71015625 0.07109375 0.07421875
0 0.3390625 0.6328125 0.05234375 0.0484375
0 0.4453125 0.5703125 0.06484375 0.0515625
0 0.49375 0.471875 0.05703125 0.06328125
1 0.61484375 0.33046875 0.04453125 0.0515625
1 0.84375 0.38828125 0.0609375 0.07109375
1 0.8390625 0.2328125 0.0375 0.0484375
1 0.9875 0.196875 0.025 0.075
1 0.0875 0.7609375 0.09453125 0.1125
0 0.01328125 0.97109375 0.02578125 0.04453125
1 0.16953125 0.934375 0.03359375 0.0421875
1 0.2578125 0.83671875 0.04921875 0.0640625
1 0.284375 0.99609375 0.04765625 0.0078125
1 0.67421875 0.12421875 0.03515625 0.0546875
0 0.64453125 0.0453125 0.0625 0.06484375
0 0.9578125 0.08828125 0.08203125 0.0625
0 0.12265625 0.0390625 0.04375 0.0453125
0 0.5359375 0.5421875 0.0546875 0.0578125