1 0.78203125 0.43671875 0.43515625 0.37578125
1 0.42734375 0.4890625 0.18046875 0.12890625
1 0.03828125 0.409375 0.06796875 0.06484375
1 0.1390625 0.3359375 0.109375 0.0703125
1 0.03203125 0.26015625 0.0640625 0.05625
1 0.85 0.03203125 0.0578125 0.06328125
1 0.55234375 0.165625 0.0703125 0.065625
1 0.609375 0.07109375 0.0578125 0.07578125
1 0.76171875 0.05546875 0.0421875 0.06171875
1 0.0203125 0.91015625 0.03984375 0.028125
1 0.109375 0.815625 0.0734375 0.04609375
1 0.228125 0.678125 0.05390625 0.090625
1 0.3234375 0.890625 0.0859375 0.05078125
1 0.32734375 0.77265625 0.0921875 0.0875