1 0.40078125 0.84140625 0.14375 0.20859375
1 0.5859375 0.73515625 0.0984375 0.09375
1 0.0296875 0.94296875 0.059375 0.1109375
1 0.11640625 0.728125 0.10390625 0.10234375
1 0.57421875 0.98984375 0.06015625 0.0203125
1 0.65 0.90859375 0.034375 0.05546875
1 0.7140625 0.81640625 0.06640625 0.071875
1 0.13203125 0.35 0.05390625 0.0578125
1 0.2609375 0.275 0.09609375 0.06015625
0 0.68359375 0.55234375 0.034375 0.05703125
0 0.77734375 0.4203125 0.09375 0.065625
0 0.67265625 0.3203125 0.05078125 0.0421875
1 0.74921875 0.2625 0.04140625 0.034375
1 0.20625 0.98203125 0.06796875 0.0359375
1 0.79453125 0.18515625 0.084375 0.1125
1 0.953125 0.21015625 0.08828125 0.10703125
1 0.878125 0.98984375 0.05234375 0.0203125
0 0.2765625 0.609375 0.06875 0.0859375
0 0.478125 0.4578125 0.05546875 0.05078125
0 0.80546875 0.68671875 0.03203125 0.05859375
0 0.84609375 0.79609375 0.04375 0.05859375
0 0.9484375 0.64765625 0.04609375 0.04765625
0 0.3359375 0.24375 0.03828125 0.0453125
1 0.0203125 0.1078125 0.03984375 0.0796875
0 0.0859375 0.1125 0.0484375 0.04296875
0 0.40859375 0.09375 0.05 0.0609375
1 0.52265625 0.0890625 0.0421875 0.0515625
0 0.659375 0.08828125 0.03984375 0.07265625
0 0.01796875 0.2859375 0.0359375 0.05234375
1 0.7484375 0.07421875 0.06171875 0.07578125
1 0.1703125 0.59140625 0.03671875 0.04140625