1 0.334375 0.2734375 0.27578125 0.496875
1 0.10546875 0.1734375 0.11328125 0.08203125
1 0.58828125 0.1671875 0.1265625 0.1328125
1 0.60234375 0.03125 0.059375 0.0453125
1 0.884375 0.24921875 0.13515625 0.096875
1 0.92421875 0.528125 0.05546875 0.07109375
1 0.23671875 0.93125 0.1125 0.084375
1 0.31796875 0.95625 0.12265625 0.0875
0 0.72890625 0.0265625 0.05546875 0.0484375
1 0.62890625 0.3609375 0.03984375 0.04453125
0 0.7140625 0.34453125 0.05625 0.0359375
0 0.728125 0.3125 0.0484375 0.0359375
0 0.55390625 0.77890625 0.04765625 0.02578125
0 0.65546875 0.74765625 0.0671875 0.053125
1 0.68671875 0.91484375 0.0953125 0.11953125
0 0.790625 0.95546875 0.03046875 0.02265625
0 0.55625 0.68515625 0.0625 0.078125
0 0.6734375 0.79296875 0.0390625 0.03046875
1 0.55703125 0.5109375 0.1640625 0.12109375
1 0.95859375 0.90078125 0.07421875 0.0921875