1 0.3203125 0.8296875 0.11171875 0.1546875
0 0.6484375 0.61953125 0.05078125 0.059375
1 0.8453125 0.58515625 0.07265625 0.10546875
1 0.48828125 0.56875 0.0390625 0.05546875
0 0.44609375 0.29140625 0.0484375 0.06640625
1 0.51328125 0.2171875 0.1046875 0.08046875
1 0.6296875 0.21484375 0.05703125 0.084375
1 0.03203125 0.9390625 0.0546875 0.084375
1 0.0359375 0.8421875 0.071875 0.084375
1 0.9265625 0.3625 0.04453125 0.05859375
1 0.015625 0.9875 0.03125 0.025
1 0.53203125 0.971875 0.0796875 0.05625
1 0.56875 0.57109375 0.06328125 0.06953125
1 0.00234375 0.42578125 0.00390625 0.05234375
0 0.0765625 0.23828125 0.04140625 0.0578125
0 0.1703125 0.26171875 0.0640625 0.065625
0 0.21640625 0.375 0.06015625 0.0515625
0 0.271875 0.340625 0.03828125 0.06796875
0 0.71015625 0.38515625 0.03984375 0.07109375
0 0.61484375 0.87578125 0.02109375 0.0578125
0 0.75703125 0.77734375 0.04765625 0.05546875
0 0.75859375 0.91953125 0.03984375 0.04140625
0 0.8484375 0.8984375 0.0296875 0.03359375
0 0.40546875 0.4640625 0.06484375 0.06875
0 0.015625 0.58359375 0.03125 0.0328125
0 0.17109375 0.6203125 0.053125 0.0625