1 0.109375 0.91796875 0.0734375 0.04921875
1 0.5109375 0.91640625 0.08359375 0.07109375
1 0.965625 0.70703125 0.05703125 0.09296875
1 0.04375 0.47890625 0.0875 0.1109375
1 0.17578125 0.309375 0.3515625 0.340625
1 0.30234375 0.271875 0.07578125 0.0546875
1 0.41953125 0.47890625 0.08515625 0.08359375
1 0.06484375 0.83046875 0.09609375 0.08359375
1 0.14375 0.98203125 0.05625 0.0359375
1 0.68828125 0.99375 0.1203125 0.01171875
0 0.81796875 0.99375 0.0359375 0.01171875
1 0.95 0.9578125 0.1 0.084375
0 0.9125 0.565625 0.07109375 0.0890625
1 0.96015625 0.44609375 0.07890625 0.059375
0 0.55546875 0.28125 0.03203125 0.02109375
0 0.5890625 0.30859375 0.0375 0.06015625
0 0.6921875 0.24140625 0.0390625 0.06484375
0 0.82734375 0.25546875 0.05390625 0.06953125
1 0.9015625 0.16171875 0.08125 0.065625
1 0.56796875 0.17734375 0.06953125 0.09765625
1 0.353125 0.0796875 0.37734375 0.13359375
0 0.2625 0.92734375 0.06640625 0.1015625
0 0.415625 0.71640625 0.05390625 0.0953125
0 0.5578125 0.70625 0.121875 0.12265625
0 0.64296875 0.640625 0.06796875 0.1046875
0 0.6109375 0.62890625 0.0671875 0.1359375
0 0.634375 0.90859375 0.0296875 0.05390625
0 0.64609375 0.80703125 0.06640625 0.06796875
1 0.53203125 0.440625 0.0390625 0.028125
0 0.53125 0.35859375 0.0328125 0.03515625
0 0.6609375 0.13359375 0.0328125 0.040625
0 0.8296875 0.07265625 0.0890625 0.05859375
0 0.86171875 0.37265625 0.028125 0.06328125
0 0.946875 0.31796875 0.03828125 0.04921875
1 0.54375 0.496875 0.04765625 0.046875
1 0.55625 0.440625 0.02265625 0.0484375
0 0.65078125 0.5359375 0.06171875 0.05390625
0 0.65703125 0.47109375 0.05390625 0.03984375
0 0.7671875 0.81875 0.03359375 0.03984375