1 0.2828125 0.215625 0.2359375 0.26953125
1 0.45625 0.965625 0.2 0.06796875
1 0.2421875 0.58046875 0.0421875 0.0546875
1 0.2625 0.50390625 0.07578125 0.0625
1 0.23125 0.38828125 0.0765625 0.0953125
0 0.38984375 0.4921875 0.021875 0.03125
1 0.44609375 0.38203125 0.1359375 0.10859375
1 0.7640625 0.2125 0.05390625 0.06328125
1 0.88828125 0.225 0.0796875 0.128125
1 0.4515625 0.54375 0.0703125 0.09375
1 0.496875 0.45625 0.08828125 0.0875
1 0.6453125 0.6890625 0.10546875 0.096875
1 0.57265625 0.66953125 0.03125 0.05078125
1 0.6453125 0.59609375 0.0734375 0.078125
1 0.584375 0.83203125 0.0796875 0.07890625
1 0.1375 0.6171875 0.08984375 0.08046875
1 0.71796875 0.89296875 0.05 0.07265625
1 0.7765625 0.8859375 0.0796875 0.07421875
1 0.9203125 0.971875 0.08828125 0.05625
1 0.98359375 0.846875 0.0328125 0.046875
1 0.6125 0.2171875 0.02265625 0.03046875
1 0.68359375 0.1921875 0.05390625 0.071875
1 0.05234375 0.965625 0.0796875 0.06796875
1 0.15703125 0.85703125 0.1359375 0.1125
1 0.42734375 0.05 0.15703125 0.1
1 0.128125 0.4984375 0.078125 0.075
0 0.7375 0.084375 0.02578125 0.040625
1 0.78671875 0.0625 0.059375 0.07578125
1 0.57109375 0.2078125 0.0515625 0.0484375
1 0.42890625 0.18828125 0.0390625 0.053125
1 0.01875 0.64296875 0.02578125 0.040625
1 0.1328125 0.36171875 0.053125 0.05703125
1 0.09140625 0.31640625 0.04296875 0.03671875
0 0.26328125 0.77734375 0.01953125 0.02421875
1 0.3328125 0.765625 0.0390625 0.0421875
1 0.5125 0.77421875 0.01484375 0.01484375
0 0.82265625 0.63359375 0.05 0.05546875
0 0.85078125 0.6234375 0.078125 0.0640625
1 0.965625 0.64140625 0.03828125 0.0375
0 0.696875 0.78984375 0.040625 0.0421875
0 0.2203125 0.74609375 0.02421875 0.02734375
0 0.253125 0.7171875 0.0328125 0.03359375
0 0.240625 0.88828125 0.03046875 0.03203125
0 0.303125 0.83515625 0.021875 0.0234375
0 0.7359375 0.68671875 0.021875 0.03359375
0 0.7 0.5421875 0.03203125 0.02578125
0 0.81640625 0.4625 0.03203125 0.0296875
0 0.84296875 0.44453125 0.015625 0.02734375
0 0.7921875 0.4109375 0.025 0.02578125
0 0.79765625 0.57265625 0.02734375 0.021875
0 0.81875 0.6828125 0.03046875 0.0234375
0 0.7640625 0.77421875 0.02109375 0.02578125
0 0.74140625 0.3640625 0.06796875 0.0625
1 0.95 0.809375 0.0375 0.05703125
1 0.98984375 0.75 0.0203125 0.06015625
0 0.8359375 0.371875 0.034375 0.0296875