1 0.14375 0.1234375 0.2875 0.246875
1 0.8796875 0.14375 0.09375 0.134375
1 0.721875 0.4078125 0.0828125 0.12578125
1 0.24375 0.67265625 0.0484375 0.05
1 0.7125 0.8140625 0.03046875 0.08203125
1 0.8078125 0.93046875 0.08984375 0.109375
1 0.884375 0.80546875 0.0421875 0.05390625
1 0.57421875 0.696875 0.046875 0.06640625
1 0.54453125 0.62578125 0.0625 0.06875
1 0.321875 0.4265625 0.04765625 0.04609375
1 0.36953125 0.4265625 0.0625 0.07109375
1 0.596875 0.19765625 0.06171875 0.06328125
1 0.6234375 0.2578125 0.0390625 0.0390625
1 0.46015625 0.07578125 0.05 0.06796875
1 0.546875 0.88828125 0.1171875 0.13046875
1 0.38125 0.034375 0.0328125 0.0421875
1 0.34609375 0.35859375 0.02265625 0.025
1 0.37265625 0.36796875 0.0203125 0.03046875