1 0.5296875 0.671875 0.1171875 0.153125
1 0.76875 0.70625 0.06015625 0.071875
1 0.85703125 0.4515625 0.184375 0.23203125
1 0.1984375 0.22265625 0.03984375 0.07578125
1 0.3625 0.21796875 0.13203125 0.096875
1 0.43125 0.1125 0.06171875 0.0796875
1 0.5890625 0.0296875 0.1 0.05859375
1 0.06015625 0.55234375 0.11796875 0.1328125
1 0.0578125 0.9921875 0.028125 0.015625
1 0.15390625 0.85625 0.021875 0.0375
1 0.1765625 0.85625 0.02421875 0.0546875
1 0.05 0.97578125 0.03359375 0.03046875
0 0.06875 0.74375 0.06015625 0.06484375
0 0.13515625 0.74375 0.06484375 0.06484375
0 0.96015625 0.9921875 0.03984375 0.015625
0 0.77578125 0.88828125 0.03203125 0.059375
1 0.80078125 0.7578125 0.0234375 0.02890625
0 0.91640625 0.7359375 0.06953125 0.1296875
1 0.31796875 0.8640625 0.02890625 0.03828125
1 0.8953125 0.69609375 0.02421875 0.04453125
0 0.01171875 0.70625 0.0234375 0.04375
0 0.06875 0.66015625 0.034375 0.04296875
0 0.1875 0.490625 0.04609375 0.05703125
0 0.58359375 0.51328125 0.03359375 0.05390625
1 0.2609375 0.76875 0.03203125 0.040625