1 0.38984375 0.5921875 0.13046875 0.11796875
1 0.803125 0.509375 0.2375 0.296875
1 0.07421875 0.98203125 0.0359375 0.0359375
1 0.2203125 0.8921875 0.1359375 0.11953125
1 0.628125 0.915625 0.25625 0.16796875
1 0.98359375 0.94296875 0.0328125 0.1109375
1 0.94375 0.715625 0.0625 0.0625
1 0.6859375 0.21171875 0.075 0.078125
0 0.18671875 0.31796875 0.03671875 0.0578125
1 0.40390625 0.3453125 0.0703125 0.0484375
1 0.4359375 0.25390625 0.0703125 0.0578125
1 0.7578125 0.109375 0.04453125 0.0609375
0 0.82265625 0.06796875 0.04765625 0.05625
1 0.82578125 0.0234375 0.0578125 0.0453125
1 0.0453125 0.46484375 0.0890625 0.096875
1 0.79765625 0.82421875 0.05703125 0.0703125
1 0.115625 0.3421875 0.0703125 0.07421875
1 0.046875 0.11484375 0.0359375 0.0671875
0 0.44921875 0.73046875 0.01875 0.0359375
1 0.98359375 0.10703125 0.0328125 0.0796875
0 0.1984375 0.1515625 0.05703125 0.034375
0 0.35703125 0.17578125 0.0671875 0.0359375
0 0.4671875 0.1203125 0.02890625 0.034375
0 0.02734375 0.64765625 0.021875 0.0359375
0 0.1109375 0.65234375 0.05546875 0.03828125
0 0.99375 0.2859375 0.01171875 0.05234375
1 0.71953125 0.71171875 0.10859375 0.109375