1 0.96328125 0.1390625 0.0609375 0.06796875
1 0.73671875 0.86328125 0.0796875 0.08515625
1 0.8734375 0.75703125 0.11328125 0.1125
1 0.82578125 0.57109375 0.06640625 0.09296875
1 0.81953125 0.5140625 0.05390625 0.0421875
0 0.1546875 0.6421875 0.059375 0.0671875
1 0.1390625 0.4671875 0.084375 0.084375
1 0.26640625 0.4859375 0.06640625 0.090625
1 0.6203125 0.02421875 0.0640625 0.04765625
0 0.82890625 0.0421875 0.05546875 0.075
1 0.978125 0.015625 0.028125 0.03125
1 0.3125 0.90078125 0.06328125 0.0875
1 0.4734375 0.76640625 0.07421875 0.075
0 0.68515625 0.12578125 0.04140625 0.0421875
1 0.0421875 0.1421875 0.084375 0.13203125