1 0.609375 0.63046875 0.05703125 0.059375
1 0.690625 0.57265625 0.1 0.15078125
1 0.325 0.56328125 0.04921875 0.0453125
1 0.42890625 0.43828125 0.14453125 0.1234375
1 0.6578125 0.90546875 0.0828125 0.08046875
1 0.9359375 0.4890625 0.128125 0.290625
1 0.034375 0.971875 0.05234375 0.05625
1 0.30234375 0.24921875 0.0515625 0.0734375
1 0.64765625 0.296875 0.08515625 0.0875
1 0.190625 0.16796875 0.06875 0.06171875
1 0.31015625 0.10703125 0.04296875 0.03671875
1 0.909375 0.228125 0.07265625 0.078125
1 0.11953125 0.93828125 0.053125 0.059375
1 0.14609375 0.9046875 0.04296875 0.05546875
1 0.334375 0.74296875 0.04375 0.0515625
1 0.17890625 0.9390625 0.028125 0.04375
1 0.7515625 0.81484375 0.0609375 0.0609375
0 0.51875 0.1203125 0.05234375 0.0546875
0 0.74375 0.059375 0.0375 0.05390625
0 0.04140625 0.440625 0.0734375 0.0796875
0 0.02578125 0.3203125 0.0515625 0.05625
0 0.4671875 0.87421875 0.06015625 0.05859375
0 0.38828125 0.34375 0.0390625 0.06171875