0 0.83515625 0.41484375 0.04921875 0.04609375
0 0.9375 0.55625 0.05390625 0.028125
1 0.98359375 0.4203125 0.0328125 0.05625
1 0.0609375 0.53046875 0.03984375 0.04296875
0 0.0578125 0.965625 0.06796875 0.06796875
1 0.06171875 0.82421875 0.05703125 0.03828125
1 0.0890625 0.74453125 0.040625 0.05625
1 0.10234375 0.61953125 0.02734375 0.03046875
1 0.02109375 0.22890625 0.04140625 0.05625
1 0.053125 0.296875 0.04140625 0.0234375
0 0.525 0.98359375 0.06875 0.0328125
0 0.71796875 0.90390625 0.06875 0.0640625
1 0.85703125 0.93203125 0.03359375 0.0390625
1 0.0890625 0.4171875 0.03828125 0.0421875
0 0.1578125 0.40859375 0.053125 0.07109375
1 0.07578125 0.371875 0.02734375 0.028125
0 0.30625 0.37421875 0.05078125 0.04140625
1 0.3875 0.45078125 0.04375 0.0546875
0 0.36015625 0.32109375 0.04296875 0.04296875
0 0.35390625 0.271875 0.05390625 0.05
0 0.4703125 0.171875 0.04921875 0.03515625
0 0.46328125 0.05078125 0.05703125 0.06171875
0 0.53671875 0.24453125 0.02734375 0.04921875
0 0.51484375 0.6640625 0.04609375 0.05234375
0 0.675 0.56796875 0.05078125 0.059375
0 0.71953125 0.453125 0.04765625 0.0375
0 0.68828125 0.30390625 0.03125 0.04609375
0 0.7296875 0.2703125 0.04609375 0.046875
0 0.71171875 0.70234375 0.0328125 0.06015625
0 0.32421875 0.58984375 0.07109375 0.06484375
0 0.759375 0.0828125 0.02890625 0.034375
0 0.896875 0.0953125 0.04921875 0.0515625
0 0.96953125 0.79140625 0.0609375 0.0890625
0 0.8765625 0.58671875 0.040625 0.05234375
0 0.82109375 0.31328125 0.06640625 0.06484375