1 0.97578125 0.37421875 0.04765625 0.3
1 0.45625 0.084375 0.2 0.16796875
1 0.178125 0.41875 0.20234375 0.2765625
1 0.246875 0.596875 0.10859375 0.14453125
1 0.63671875 0.76171875 0.128125 0.12890625
1 0.95546875 0.1609375 0.0890625 0.1
1 0.9203125 0.00625 0.08828125 0.01171875
1 0.41953125 0.59140625 0.03828125 0.04609375
1 0.503125 0.52890625 0.0375 0.05625
1 0.05234375 0.01015625 0.0796875 0.0203125
1 0.65625 0.89296875 0.06328125 0.06484375
1 0.75625 0.75859375 0.03203125 0.03203125
1 0.84921875 0.75 0.04921875 0.075
1 0.11796875 0.17421875 0.06640625 0.07421875
1 0.71328125 0.1484375 0.02890625 0.034375
0 0.77421875 0.115625 0.0203125 0.0203125
1 0.82578125 0.096875 0.046875 0.05390625
1 0.22578125 0.709375 0.03125 0.05
1 0.7265625 0.7453125 0.05234375 0.0421875
1 0.98203125 0.6203125 0.0359375 0.071875
1 0.6171875 0.38125 0.0484375 0.05703125
1 0.625 0.30625 0.03984375 0.03828125
1 0.79921875 0.34296875 0.04140625 0.04453125
1 0.80234375 0.4484375 0.0359375 0.0421875
1 0.88359375 0.52265625 0.078125 0.08828125
1 0.790625 0.61015625 0.03671875 0.04765625
1 0.8578125 0.609375 0.0234375 0.0296875
1 0.17734375 0.790625 0.02734375 0.03359375
1 0.8421875 0.26796875 0.07109375 0.09296875
1 0.90546875 0.309375 0.0375 0.04453125
1 0.9859375 0.06171875 0.028125 0.04375
0 0.7296875 0.115625 0.034375 0.028125
0 0.078125 0.67734375 0.01953125 0.02109375
0 0.096875 0.6234375 0.01640625 0.01484375
0 0.1421875 0.94375 0.01640625 0.0234375
0 0.3015625 0.97265625 0.0328125 0.02265625
0 0.55078125 0.9625 0.0203125 0.021875
0 0.5484375 0.93671875 0.015625 0.02421875
1 0.909375 0.97734375 0.11171875 0.04453125