1 0.21484375 0.31953125 0.028125 0.02890625
1 0.32578125 0.3015625 0.04296875 0.06484375
0 0.31875 0.1921875 0.04453125 0.046875
1 0.48125 0.5140625 0.0328125 0.05
1 0.50078125 0.3671875 0.03203125 0.0609375
0 0.49765625 0.2640625 0.0578125 0.0703125
1 0.721875 0.396875 0.02578125 0.040625
0 0.71484375 0.3203125 0.05234375 0.071875
1 0.3546875 0.8921875 0.07578125 0.09453125
1 0.58125 0.93125 0.09609375 0.05390625
0 0.7046875 0.8328125 0.04765625 0.06484375
0 0.88984375 0.090625 0.06640625 0.0515625
0 0.88828125 0.76796875 0.0703125 0.0859375
0 0.96796875 0.125 0.04609375 0.07265625
0 0.8515625 0.30078125 0.02890625 0.040625
0 0.42578125 0.09921875 0.0421875 0.053125
1 0.05078125 0.1234375 0.10078125 0.10078125
1 0.634375 0.046875 0.09140625 0.07578125
1 0.81484375 0.565625 0.10859375 0.10625
1 0.08203125 0.99375 0.0921875 0.01171875
1 0.23828125 0.94609375 0.13203125 0.1078125
1 0.13515625 0.434375 0.06015625 0.06796875
1 0.97109375 0.3484375 0.05234375 0.0546875
1 0.1796875 0.759375 0.05390625 0.0453125