1 0.75234375 0.48046875 0.415625 0.41796875
0 0.6453125 0.19921875 0.0796875 0.0515625
1 0.75078125 0.115625 0.0671875 0.1515625
0 0.29140625 0.625 0.03203125 0.02890625
1 0.3859375 0.58125 0.0671875 0.05625
1 0.4046875 0.43125 0.05546875 0.10078125
1 0.5140625 0.4703125 0.09921875 0.09140625
0 0.0890625 0.41015625 0.03359375 0.05078125
1 0.1859375 0.3421875 0.05078125 0.0671875
1 0.05859375 0.55234375 0.07578125 0.06328125
1 0.27265625 0.45078125 0.0703125 0.09296875
1 0.28359375 0.2984375 0.0609375 0.0515625
1 0.1046875 0.790625 0.11171875 0.09921875
1 0.375 0.79609375 0.04453125 0.0875
1 0.46875 0.8625 0.1515625 0.146875
1 0.51953125 0.9875 0.0796875 0.025
1 0.95546875 0.6875 0.0890625 0.0875
1 0.3859375 0.63046875 0.07421875 0.06015625
1 0.115625 0.0578125 0.1015625 0.10546875
1 0.18125 0.24296875 0.0375 0.04140625
1 0.26875 0.2390625 0.0296875 0.03984375
0 0.396875 0.34140625 0.0328125 0.04921875
1 0.48203125 0.321875 0.03046875 0.05234375
1 0.809375 0.98359375 0.04375 0.0328125
1 0.84140625 0.9390625 0.040625 0.0359375
0 0.24453125 0.57578125 0.02265625 0.0265625
1 0.3 0.559375 0.04140625 0.04921875
0 0.3484375 0.2515625 0.03359375 0.0359375
1 0.4265625 0.19375 0.04296875 0.0421875
1 0.40859375 0.16484375 0.03671875 0.0484375
1 0.4625 0.134375 0.04453125 0.05
1 0.15 0.17890625 0.03671875 0.03515625
1 0.98203125 0.0296875 0.0359375 0.04375
0 0.20625 0.5203125 0.01640625 0.03046875
0 0.115625 0.65 0.0265625 0.03125
0 0.7421875 0.8109375 0.0234375 0.03203125
0 0.69609375 0.934375 0.0203125 0.03515625
0 0.09765625 0.86796875 0.02421875 0.03046875
0 0.3421875 0.74453125 0.021875 0.028125
0 0.48359375 0.1953125 0.03203125 0.03203125
0 0.2078125 0.10078125 0.03359375 0.03828125
0 0.2453125 0.1125 0.03515625 0.046875
0 0.24765625 0.034375 0.03984375 0.03828125
0 0.2890625 0.0859375 0.02578125 0.04140625
1 0.928125 0.978125 0.03203125 0.04375
0 0.16484375 0.921875 0.0359375 0.04609375
0 0.703125 0.0203125 0.034375 0.02890625
0 0.47890625 0.66015625 0.02265625 0.03671875