1 0.6421875 0.55546875 0.715625 0.8890625
1 0.02578125 0.6875 0.0515625 0.0875
1 0.1 0.64921875 0.1109375 0.1125
1 0.14140625 0.278125 0.053125 0.1015625
1 0.196875 0.28671875 0.09609375 0.1078125
1 0.3421875 0.45859375 0.13125 0.21171875
1 0.5078125 0.2078125 0.1015625 0.1109375
1 0.421875 0.09765625 0.08203125 0.08203125
1 0.0984375 0.16953125 0.0328125 0.08046875
1 0.15625 0.1171875 0.0546875 0.05546875
1 0.07109375 0.25 0.034375 0.040625
1 0.00625 0.0296875 0.01171875 0.04375
1 0.21640625 0.196875 0.0296875 0.04609375