1 0.7203125 0.88828125 0.17578125 0.12734375
1 0.90625 0.89765625 0.0984375 0.1140625
1 0.915625 0.8078125 0.125 0.0703125
1 0.609375 0.784375 0.06484375 0.07890625
1 0.56640625 0.25625 0.075 0.03984375
1 0.54296875 0.11640625 0.0765625 0.06328125
1 0.515625 0.02421875 0.078125 0.0484375
1 0.58203125 0.0328125 0.08203125 0.06484375
1 0.47421875 0.5078125 0.1875 0.09453125
1 0.62265625 0.3171875 0.04453125 0.040625
1 0.79296875 0.33359375 0.08125 0.0578125
1 0.90234375 0.33046875 0.10625 0.12265625
1 0.75234375 0.1 0.2390625 0.17421875
1 0.00390625 0.11171875 0.0078125 0.03203125
1 0.05 0.04765625 0.1 0.0796875
1 0.1921875 0.03125 0.08671875 0.06171875
1 0.03984375 0.34140625 0.0390625 0.04921875
0 0.190625 0.71015625 0.0765625 0.0671875
0 0.23125 0.5421875 0.06015625 0.0578125
1 0.29296875 0.38359375 0.03203125 0.02890625
1 0.45234375 0.31796875 0.071875 0.0828125
0 0.2671875 0.71171875 0.0453125 0.07734375