1 0.115625 0.0953125 0.109375 0.14140625
1 0.94765625 0.0140625 0.0796875 0.028125
1 0.378125 0.00234375 0.05234375 0.00390625
0 0.04140625 0.65234375 0.06484375 0.06328125
1 0.1640625 0.659375 0.03828125 0.0453125
0 0.03046875 0.871875 0.03515625 0.0859375
1 0.2671875 0.72734375 0.06875 0.06953125
1 0.2265625 0.94375 0.059375 0.053125
0 0.39609375 0.2765625 0.0390625 0.04765625
1 0.62734375 0.1328125 0.04453125 0.04765625
1 0.81015625 0.20390625 0.08203125 0.078125
1 0.778125 0.1203125 0.05 0.0390625
0 0.278125 0.559375 0.0578125 0.05234375
0 0.140625 0.50546875 0.0640625 0.05703125
0 0.046875 0.38671875 0.059375 0.0765625
0 0.17265625 0.30703125 0.0640625 0.0765625
0 0.31875 0.284375 0.059375 0.03828125
0 0.534375 0.45 0.05078125 0.065625
0 0.6234375 0.58671875 0.03828125 0.06015625
0 0.6328125 0.425 0.06484375 0.0640625
0 0.71484375 0.571875 0.06015625 0.04609375
0 0.5859375 0.8453125 0.04296875 0.08125
0 0.82734375 0.68203125 0.053125 0.04296875
0 0.87890625 0.81796875 0.059375 0.06640625