1 0.55234375 0.2890625 0.52734375 0.5765625
1 0.9640625 0.41015625 0.071875 0.78828125
1 0.96953125 0.2734375 0.0609375 0.196875
0 0.0453125 0.96953125 0.059375 0.0609375
0 0.25859375 0.971875 0.0671875 0.05625
1 0.34609375 0.8265625 0.0828125 0.115625
1 0.21484375 0.7625 0.0765625 0.08359375
1 0.45234375 0.73984375 0.05546875 0.04609375
1 0.3515625 0.7046875 0.04609375 0.046875
1 0.971875 0.90390625 0.05625 0.0796875
1 0.0734375 0.54140625 0.040625 0.040625
0 0.0984375 0.76328125 0.0671875 0.06953125
1 0.13359375 0.53359375 0.034375 0.04921875
1 0.14453125 0.11953125 0.13515625 0.07734375
1 0.17265625 0.26484375 0.071875 0.08046875