1 0.559375 0.4328125 0.18984375 0.21640625
1 0.0296875 0.0078125 0.059375 0.015625
1 0.80859375 0.41875 0.12734375 0.09140625
1 0.57421875 0.0203125 0.06015625 0.03984375
1 0.40546875 0.10703125 0.08203125 0.06796875
1 0.42734375 0.821875 0.0453125 0.090625
0 0.0859375 0.85390625 0.05546875 0.0828125
1 0.26171875 0.74375 0.05703125 0.06171875
1 0.0203125 0.13828125 0.03984375 0.04375
1 0.190625 0.053125 0.0515625 0.04765625
1 0.20546875 0.01171875 0.0671875 0.0234375
1 0.01015625 0.465625 0.0203125 0.06015625
1 0.878125 0.01796875 0.05234375 0.0359375
0 0.015625 0.74140625 0.03125 0.0609375
1 0.00234375 0.63984375 0.00390625 0.03984375
0 0.22421875 0.478125 0.04921875 0.04765625
0 0.840625 0.2515625 0.07265625 0.0734375
0 0.315625 0.978125 0.03984375 0.04375
1 0.2109375 0.67421875 0.05546875 0.0390625
1 0.38828125 0.68203125 0.071875 0.06171875
0 0.52265625 0.67890625 0.0421875 0.05546875
0 0.7078125 0.671875 0.04296875 0.05703125
1 0.94921875 0.240625 0.1015625 0.23984375
1 0.92265625 0.55234375 0.015625 0.0453125
1 0.975 0.546875 0.05 0.1296875
1 0.44296875 0.20625 0.06328125 0.06953125
1 0.01796875 0.40390625 0.0359375 0.03984375