1 0.4203125 0.5 0.83984375 1
1 0.04453125 0.39453125 0.0796875 0.13984375
1 0.50703125 0.68359375 0.11015625 0.18359375
1 0.79296875 0.63671875 0.08125 0.11484375
1 0.52421875 0.9703125 0.1234375 0.059375
1 0.5328125 0.8671875 0.0640625 0.0921875
1 0.5578125 0.4453125 0.12890625 0.159375
1 0.7546875 0.371875 0.0484375 0.0953125
1 0.7796875 0.01015625 0.14375 0.0203125
1 0.8609375 0.17890625 0.08046875 0.1046875
0 0.9296875 0.00390625 0.0359375 0.0078125
1 0.9015625 0.575 0.04296875 0.04296875
0 0.9859375 0.4890625 0.01875 0.03359375
0 0.940625 0.6796875 0.04140625 0.06484375
0 0.89140625 0.73515625 0.0234375 0.04765625
0 0.86796875 0.90703125 0.02421875 0.053125
0 0.98984375 0.678125 0.0203125 0.05234375