1 0.93515625 0.303125 0.10859375 0.1171875
1 0.99609375 0.4578125 0.0078125 0.1078125
1 0.98203125 0.63828125 0.0359375 0.07578125
1 0.9796875 0.10390625 0.03984375 0.0796875
1 0.9875 0.01171875 0.025 0.0234375
1 0.61328125 0.68828125 0.0734375 0.06328125
1 0.7875 0.89765625 0.10234375 0.08125
1 0.7328125 0.796875 0.03984375 0.03984375
1 0.15546875 0.3390625 0.06875 0.084375
1 0.13203125 0.2875 0.0703125 0.04609375
1 0.4921875 0.51953125 0.05390625 0.06875
1 0.28359375 0.76328125 0.05390625 0.06875
0 0.5171875 0.04765625 0.0390625 0.04609375
0 0.146875 0.459375 0.034375 0.046875
0 0.240625 0.45859375 0.0390625 0.0453125
0 0.284375 0.39921875 0.06171875 0.0703125
1 0.30859375 0.30078125 0.021875 0.03828125
0 0.36796875 0.27109375 0.02578125 0.0296875
1 0.4578125 0.371875 0.0625 0.0609375
1 0.190625 0.23125 0.025 0.02578125
0 0.18125 0.17578125 0.0578125 0.05078125
0 0.0390625 0.13125 0.04375 0.053125
0 0.04765625 0.784375 0.03671875 0.04453125
0 0.1125 0.640625 0.04765625 0.05546875
0 0.16796875 0.69375 0.04296875 0.0515625
1 0.33203125 0.73203125 0.0390625 0.04296875
0 0.0640625 0.92578125 0.0578125 0.05390625