1 0.5625 0.421875 0.1625 0.10625
1 0.909375 0.84609375 0.0640625 0.05859375
1 0.39765625 0.9796875 0.0921875 0.03984375
1 0.5171875 0.8671875 0.08046875 0.0609375
1 0.6984375 0.7578125 0.07578125 0.0421875
0 0.79375 0.2875 0.0578125 0.0609375
0 0.8171875 0.1421875 0.05625 0.07578125
0 0.915625 0.221875 0.0453125 0.0578125
1 0.95546875 0.1109375 0.0890625 0.03125
1 0.9875 0.04765625 0.025 0.0796875
0 0.86875 0.50078125 0.0875 0.08828125
1 0.95 0.334375 0.034375 0.07578125
0 0.2203125 0.2203125 0.07890625 0.08671875
0 0.03203125 0.13828125 0.04609375 0.090625
0 0.11875 0.09140625 0.0765625 0.06171875
0 0.48359375 0.1046875 0.109375 0.08046875
0 0.20078125 0.43671875 0.0796875 0.03203125
0 0.22421875 0.9796875 0.0640625 0.03984375
0 0.37578125 0.80078125 0.06953125 0.06484375
0 0.48828125 0.5765625 0.0546875 0.046875