0 0.88515625 0.546875 0.09609375 0.078125
1 0.8140625 0.39140625 0.05859375 0.06171875
0 0.92578125 0.37890625 0.05859375 0.06796875
1 0.71953125 0.2125 0.1578125 0.18359375
1 0.88828125 0.225 0.03125 0.04921875
1 0.29921875 0.4609375 0.11640625 0.07109375
1 0.32578125 0.5546875 0.075 0.1
1 0.0796875 0.69921875 0.09375 0.09296875
1 0.021875 0.90234375 0.04375 0.06796875
1 0.6859375 0.78203125 0.05859375 0.075
1 0.08203125 0.03984375 0.0921875 0.0796875
1 0.23828125 0.00625 0.13203125 0.01171875
1 0.20625 0.20859375 0.05859375 0.06328125
1 0.67421875 0.01796875 0.01875 0.034375