1 0.09921875 0.0703125 0.07734375 0.12265625
1 0.01796875 0.00625 0.028125 0.01171875
0 0.25234375 0.021875 0.03984375 0.04375
0 0.0890625 0.64453125 0.07265625 0.0625
0 0.0921875 0.575 0.07890625 0.053125
0 0.41953125 0.83984375 0.109375 0.0625
0 0.15703125 0.3265625 0.071875 0.0765625
1 0.98359375 0.9015625 0.0328125 0.06875
1 0.6109375 0.93359375 0.09140625 0.0984375
1 0.7703125 0.8765625 0.0671875 0.071875
1 0.88125 0.3421875 0.17734375 0.1546875
1 0.453125 0.159375 0.10546875 0.109375
1 0.7359375 0.00625 0.0640625 0.01171875
1 0.44765625 0.01015625 0.09609375 0.0203125
1 0.16484375 0.8765625 0.2796875 0.246875
0 0.33203125 0.55859375 0.046875 0.03515625
1 0.3984375 0.415625 0.075 0.078125
0 0.24765625 0.33203125 0.0375 0.046875
0 0.54140625 0.459375 0.05703125 0.05390625
1 0.64296875 0.80078125 0.059375 0.05625