1 0.14375 0.9359375 0.2875 0.128125
1 0.325 0.6875 0.3203125 0.2609375
1 0.12890625 0.50546875 0.0796875 0.08046875
1 0.01171875 0.4515625 0.0234375 0.071875
1 0.475 0.84765625 0.084375 0.11875
1 0.68125 0.67734375 0.05390625 0.07890625
1 0.0921875 0.11171875 0.184375 0.2234375
1 0.72578125 0.0921875 0.12421875 0.16953125
1 0.865625 0.06875 0.03515625 0.05546875
1 0.96015625 0.334375 0.03046875 0.0609375
1 0.0921875 0.39296875 0.03203125 0.053125
1 0.0609375 0.31796875 0.04453125 0.053125
1 0.41015625 0.190625 0.05 0.06171875
1 0.64375 0.571875 0.07890625 0.0859375
0 0.1546875 0.3203125 0.0453125 0.04453125
0 0.3 0.2828125 0.02421875 0.025
0 0.753125 0.440625 0.0296875 0.04375
0 0.81796875 0.45390625 0.0296875 0.04296875
0 0.9046875 0.5359375 0.03203125 0.06015625
0 0.790625 0.69921875 0.03203125 0.04609375
1 0.78515625 0.8671875 0.0171875 0.0234375
0 0.80703125 0.8328125 0.0234375 0.02890625
0 0.7671875 0.61953125 0.02109375 0.03203125
0 0.81328125 0.62421875 0.02265625 0.028125