1 0.16796875 0.36796875 0.1046875 0.0890625
1 0.1609375 0.35703125 0.09609375 0.07265625
1 0.10078125 0.240625 0.0796875 0.071875
1 0.27109375 0.23828125 0.0921875 0.07421875
1 0.09609375 0.77890625 0.1921875 0.4203125
1 0.02578125 0.5671875 0.0515625 0.06953125
1 0.6828125 0.17421875 0.06015625 0.075
1 0.86796875 0.021875 0.071875 0.04375
1 0.17890625 0.5328125 0.0765625 0.06328125
0 0.69765625 0.4328125 0.0890625 0.13515625
1 0.86796875 0.2421875 0.08671875 0.07421875
1 0.9375 0.1375 0.125 0.140625
1 0.09296875 0.07578125 0.1640625 0.1515625
1 0.2234375 0.7578125 0.05234375 0.08125
0 0.29609375 0.828125 0.05390625 0.06171875
1 0.5421875 0.696875 0.07421875 0.08046875
0 0.48828125 0.03125 0.03984375 0.0609375
0 0.21640625 0.659375 0.071875 0.06015625
0 0.42421875 0.5171875 0.07890625 0.08828125
0 0.33828125 0.44921875 0.05859375 0.05703125
0 0.515625 0.38046875 0.06953125 0.04765625
0 0.27734375 0.97421875 0.09765625 0.0515625
0 0.64453125 0.9359375 0.11171875 0.0953125
0 0.84921875 0.72890625 0.03984375 0.028125
0 0.95234375 0.70078125 0.0765625 0.0609375
0 0.98984375 0.6578125 0.0203125 0.04375
1 0.6015625 0.92109375 0.03046875 0.02265625