1 0.528125 0.134375 0.94375 0.26796875
1 0.10234375 0.37421875 0.20390625 0.3
1 0.00625 0.16171875 0.01171875 0.1
1 0.37734375 0.1625 0.11015625 0.1
1 0.509375 0.109375 0.1296875 0.12109375
1 0.85625 0.47265625 0.13125 0.11875
1 0.8640625 0.36875 0.0546875 0.06328125
1 0.18828125 0.60078125 0.046875 0.053125
1 0.38515625 0.52265625 0.06484375 0.06796875
1 0.415625 0.47421875 0.06875 0.07578125
1 0.48671875 0.80703125 0.18828125 0.23671875
1 0.01796875 0.6203125 0.0359375 0.071875
1 0.084375 0.66171875 0.02421875 0.04296875
1 0.37265625 0.396875 0.05078125 0.0484375
1 0.39765625 0.375 0.02578125 0.0390625
1 0.00390625 0.06171875 0.0078125 0.04375
1 0.63515625 0.5390625 0.059375 0.06953125
0 0.73828125 0.584375 0.0203125 0.01953125
0 0.640625 0.771875 0.0296875 0.02734375
0 0.69765625 0.91875 0.0515625 0.06640625
0 0.75859375 0.76328125 0.02578125 0.0296875
0 0.79765625 0.7609375 0.0171875 0.0203125
1 0.8890625 0.6265625 0.08359375 0.084375
0 0.90234375 0.5421875 0.01796875 0.02421875
0 0.95390625 0.5484375 0.0265625 0.0328125
0 0.9625 0.41875 0.01796875 0.02734375
0 0.64453125 0.4796875 0.0203125 0.02734375
0 0.675 0.4359375 0.02109375 0.03125
0 0.415625 0.2609375 0.01953125 0.01640625
0 0.27109375 0.39375 0.02265625 0.0203125
1 0.34140625 0.09140625 0.09375 0.090625
1 0.78359375 0.16796875 0.06953125 0.1109375
1 0.759375 0.2046875 0.0625 0.078125
1 0.94296875 0.12578125 0.0375 0.06171875
1 0.82265625 0.29453125 0.0359375 0.04921875