1 0.6421875 0.14765625 0.371875 0.2953125
1 0.88828125 0.26484375 0.2234375 0.46328125
1 0.6328125 0.39609375 0.0953125 0.0859375
1 0.89375 0.0078125 0.171875 0.015625
1 0.00390625 0.24375 0.0078125 0.0640625
1 0.2203125 0.04765625 0.071875 0.0953125
1 0.3796875 0.10859375 0.1015625 0.103125
1 0.1015625 0.60078125 0.08203125 0.0796875
1 0.3578125 0.6890625 0.05859375 0.08125
0 0.4796875 0.95390625 0.06171875 0.0578125
1 0.615625 0.78359375 0.053125 0.053125
1 0.765625 0.85234375 0.03046875 0.07265625
1 0.94609375 0.83125 0.05078125 0.053125
1 0.40234375 0.0078125 0.06015625 0.015625
0 0.253125 0.44140625 0.0484375 0.06484375
0 0.303125 0.32109375 0.0375 0.08125
0 0.0609375 0.83671875 0.0484375 0.05546875
0 0.1203125 0.93515625 0.0390625 0.06953125