1 0.34609375 0.6125 0.1625 0.16015625
1 0.81015625 0.49375 0.290625 0.25
1 0.6421875 0.715625 0.371875 0.56796875
1 0.89375 0.90546875 0.171875 0.1890625
1 0.26796875 0.21796875 0.165625 0.2125
1 0.04609375 0.70390625 0.0921875 0.2078125
1 0.2203125 0.99609375 0.071875 0.0078125
1 0.303125 0.8953125 0.06953125 0.06171875
1 0.26875 0.8390625 0.0484375 0.05234375
1 0.40234375 0.9640625 0.06015625 0.071875
1 0.43671875 0.07578125 0.0640625 0.0546875
1 0.56328125 0.02890625 0.06796875 0.04765625
1 0.49921875 0.39453125 0.0609375 0.08359375
1 0.6328125 0.30703125 0.12734375 0.12421875
1 0.80078125 0.3203125 0.04765625 0.03984375
0 0.70625 0.203125 0.05078125 0.06953125
0 0.91484375 0.07421875 0.04375 0.0515625