1 0.034375 0.00234375 0.05234375 0.00390625
1 0.21640625 0.28671875 0.07109375 0.06015625
0 0.05390625 0.225 0.0671875 0.07265625
1 0.19453125 0.21484375 0.07578125 0.08359375
1 0.63125 0.46640625 0.0921875 0.0984375
1 0.7390625 0.4265625 0.0609375 0.1
1 0.3671875 0.81484375 0.10859375 0.13203125
1 0.52734375 0.0859375 0.0765625 0.090625
1 0.76875 0.08984375 0.04765625 0.05078125
1 0.834375 0.11328125 0.05078125 0.04921875
1 0.33984375 0.1078125 0.0859375 0.05390625
1 0.553125 0.846875 0.0734375 0.084375
1 0.61640625 0.7625 0.0875 0.075
0 0.3234375 0.3578125 0.04609375 0.0578125