1 0.9921875 0.9359375 0.015625 0.128125
1 0.9796875 0.45234375 0.03984375 0.071875
1 0.31171875 0.9640625 0.0796875 0.071875
1 0.55234375 0.8359375 0.11171875 0.1421875
0 0.1234375 0.66484375 0.05859375 0.059375
1 0.2203125 0.6140625 0.071875 0.09921875
0 0.590625 0.5609375 0.0796875 0.0828125
0 0.6625 0.55390625 0.03515625 0.05703125
1 0.69609375 0.43828125 0.0546875 0.09140625
1 0.94296875 0.11171875 0.1109375 0.2234375
1 0.696875 0.36484375 0.03671875 0.05390625
1 0.81796875 0.44140625 0.059375 0.05078125
1 0.934375 0.3765625 0.0671875 0.06484375
1 0.31640625 0.203125 0.06328125 0.07265625
1 0.2515625 0.784375 0.0578125 0.06640625
1 0.6703125 0.2421875 0.06484375 0.0953125
1 0.86640625 0.32109375 0.06875 0.071875
1 0.1671875 0.3625 0.0765625 0.0796875
0 0.03046875 0.56640625 0.06015625 0.05625
0 0.17578125 0.159375 0.05 0.07421875
0 0.40546875 0.35 0.03515625 0.0546875
0 0.47421875 0.221875 0.07265625 0.0609375
0 0.4390625 0.73125 0.07734375 0.07265625
0 0.60078125 0.021875 0.0390625 0.0390625