1 0.4125 0.31796875 0.16796875 0.2984375
0 0.5703125 0.55 0.0390625 0.04296875
1 0.6421875 0.46796875 0.07421875 0.09453125
1 0.1328125 0.15625 0.04921875 0.04453125
1 0.29609375 0.15 0.03828125 0.04140625
1 0.46015625 0.04921875 0.03984375 0.06015625
1 0.48984375 0.00234375 0.05234375 0.00390625
1 0.21171875 0.87578125 0.03359375 0.03671875
1 0.40859375 0.89296875 0.0328125 0.0375
1 0.49453125 0.9484375 0.01796875 0.03359375
0 0.496875 0.721875 0.03671875 0.075
0 0.34765625 0.77265625 0.084375 0.0359375
0 0.04453125 0.759375 0.03046875 0.03515625
0 0.1390625 0.68671875 0.0515625 0.05703125
0 0.2984375 0.61015625 0.04375 0.053125
0 0.44140625 0.66484375 0.04609375 0.04296875