1 0.6453125 0.34140625 0.4328125 0.59375
1 0.5015625 0.58203125 0.1515625 0.14375
1 0.56171875 0.50703125 0.07421875 0.08359375
1 0.73984375 0.978125 0.05625 0.04375
1 0.8859375 0.96171875 0.228125 0.07578125
1 0.47421875 0.99609375 0.14765625 0.0078125
0 0.9640625 0.66953125 0.02578125 0.03671875
0 0.87578125 0.4671875 0.0234375 0.028125
1 0.98203125 0.4578125 0.0359375 0.05234375
1 0.99765625 0.49375 0.00390625 0.0203125
0 0.01640625 0.7875 0.03125 0.05078125
0 0.02578125 0.6734375 0.02109375 0.03359375
1 0.03046875 0.56796875 0.0359375 0.06328125
1 0.06484375 0.49375 0.0640625 0.0578125
1 0.0890625 0.43359375 0.07265625 0.08203125
1 0.13984375 0.27578125 0.0859375 0.08515625
0 0.0546875 0.73359375 0.03046875 0.0390625
1 0.1390625 0.71875 0.03671875 0.03671875
1 0.2328125 0.62265625 0.04765625 0.04375
1 0.66328125 0.79765625 0.0765625 0.09765625
1 0.6890625 0.73828125 0.209375 0.203125
1 0.59453125 0.70703125 0.0359375 0.03515625
1 0.60078125 0.70859375 0.0796875 0.07109375
0 0.0359375 0.99609375 0.03203125 0.0078125
1 0.8859375 0.79921875 0.0265625 0.03671875
1 0.8921875 0.1421875 0.215625 0.27578125
0 0.2375 0.4828125 0.05703125 0.06796875
0 0.28046875 0.8140625 0.0390625 0.03125
0 0.89453125 0.35859375 0.025 0.0203125