1 0.23046875 0.37734375 0.1078125 0.15234375
1 0.34296875 0.31953125 0.10078125 0.06953125
1 0.03671875 0.3765625 0.0734375 0.07109375
1 0.2015625 0.2 0.05703125 0.0390625
1 0.43984375 0.203125 0.05390625 0.084375
1 0.78125 0.22734375 0.05625 0.0609375
1 0.57578125 0.0921875 0.0703125 0.0625
1 0.753125 0.096875 0.0734375 0.07265625
1 0.82265625 0.12265625 0.03671875 0.05234375
1 0.89296875 0.04609375 0.12734375 0.090625
1 0.9734375 0.47890625 0.053125 0.1109375
1 0.94765625 0.31015625 0.10390625 0.33984375
1 0.86796875 0.99765625 0.071875 0.00390625
1 0.86640625 0.9703125 0.090625 0.0421875
1 0.91796875 0.85 0.0828125 0.05859375
1 0.2890625 0.5609375 0.08046875 0.04765625
1 0.43046875 0.4421875 0.0671875 0.07421875
1 0.21796875 0.74375 0.10703125 0.078125
1 0.36953125 0.61328125 0.0734375 0.06484375
1 0.09375 0.9421875 0.1640625 0.115625
1 0.096875 0.80234375 0.05546875 0.05859375
1 0.115625 0.12578125 0.1015625 0.09765625
1 0.265625 0.95390625 0.0890625 0.075
1 0.78359375 0.775 0.0703125 0.06796875
1 0.55 0.0234375 0.08984375 0.046875
1 0.2734375 0.1203125 0.08046875 0.07109375
1 0.2484375 0.04375 0.07890625 0.0625
0 0.4359375 0.93359375 0.06171875 0.0578125
0 0.60859375 0.9546875 0.06015625 0.046875
0 0.71875 0.92890625 0.06015625 0.05
1 0.61640625 0.7421875 0.0359375 0.046875
0 0.603125 0.70234375 0.0390625 0.0515625
1 0.67578125 0.67421875 0.04921875 0.04609375
1 0.515625 0.91875 0.04921875 0.034375
0 0.5640625 0.8546875 0.03671875 0.046875
0 0.45546875 0.84296875 0.03828125 0.02265625