0 0.02578125 0.1828125 0.05078125 0.184375
0 0.1203125 0.01796875 0.04765625 0.0359375
1 0.16015625 0.61875 0.0671875 0.06875
0 0.23359375 0.5640625 0.05234375 0.06015625
0 0.14921875 0.80546875 0.05078125 0.04375
0 0.0265625 0.5984375 0.04609375 0.05703125
0 0.06796875 0.65625 0.06171875 0.04921875
1 0.93125 0.6734375 0.07265625 0.16796875
1 0.8453125 0.45234375 0.13125 0.1796875
1 0.69609375 0.4140625 0.15234375 0.2375
1 0.6921875 0.7359375 0.07109375 0.07890625
1 0.7453125 0.8796875 0.0765625 0.06484375
1 0.5 0.64609375 0.07890625 0.07890625
1 0.11796875 0.51875 0.08359375 0.08828125
1 0.50625 0.05 0.05234375 0.075
1 0.5421875 0.021875 0.05234375 0.04375
1 0.55546875 0.2046875 0.08359375 0.09296875
1 0.9125 0.10234375 0.06953125 0.06875
1 0.50703125 0.89453125 0.0546875 0.06015625
1 0.91953125 0.95234375 0.0828125 0.0921875
1 0.35625 0.40234375 0.03828125 0.05703125
1 0.3140625 0.01875 0.0328125 0.034375