1 0.07421875 0.00390625 0.0359375 0.0078125
1 0.628125 0.03828125 0.25625 0.07578125
1 0.81875 0.15703125 0.05546875 0.08046875
1 0.94296875 0.05859375 0.06796875 0.06796875
1 0.98359375 0.0078125 0.0328125 0.015625
1 0.06015625 0.24296875 0.11796875 0.1484375
1 0.2890625 0.4734375 0.03359375 0.03828125
1 0.3640625 0.3609375 0.05390625 0.06484375
1 0.5859375 0.3234375 0.121875 0.07734375
1 0.5859375 0.72265625 0.0578125 0.059375
1 0.80390625 0.3140625 0.03828125 0.05078125
1 0.92734375 0.2265625 0.028125 0.059375
1 0.99609375 0.13828125 0.0078125 0.04375
1 0.36640625 0.63515625 0.1390625 0.13203125
1 0.1 0.66640625 0.190625 0.2359375
1 0.81796875 0.9359375 0.1484375 0.128125
1 0.059375 0.90390625 0.09375 0.1578125
1 0.91484375 0.85625 0.059375 0.09375
1 0.78828125 0.565625 0.03046875 0.04140625
1 0.9921875 0.465625 0.015625 0.06015625
1 0.54296875 0.57265625 0.06015625 0.071875
0 0.915625 0.65859375 0.0375 0.0390625
0 0.9859375 0.7421875 0.028125 0.06015625
1 0.9875 0.6390625 0.025 0.040625
0 0.6421875 0.16484375 0.025 0.0328125
0 0.43984375 0.97890625 0.05234375 0.034375
0 0.63671875 0.9015625 0.0296875 0.0375
0 0.2875 0.140625 0.0546875 0.06328125
1 0.99609375 0.40390625 0.0078125 0.03984375
1 0.36796875 0.2609375 0.0578125 0.0609375
1 0.2171875 0.59765625 0.05625 0.1046875