1 0.43203125 0.240625 0.071875 0.0875
1 0.775 0.06953125 0.065625 0.0921875
1 0.1234375 0.97265625 0.1234375 0.0546875
1 0.028125 0.15703125 0.03828125 0.05
1 0.0484375 0.340625 0.03125 0.03046875
1 0.196875 0.259375 0.04375 0.07734375
1 0.0578125 0.0140625 0.028125 0.028125
0 0.08828125 0.209375 0.0296875 0.04765625
1 0.203125 0.1921875 0.0234375 0.03984375
1 0.09921875 0.43984375 0.025 0.0515625
1 0.22578125 0.39765625 0.075 0.1015625
1 0.3234375 0.7828125 0.04765625 0.05625
1 0.34609375 0.96796875 0.06796875 0.0640625
0 0.04609375 0.6140625 0.02734375 0.04140625
0 0.078125 0.65859375 0.04140625 0.05078125
0 0.05546875 0.55390625 0.0390625 0.03359375
0 0.91796875 0.1046875 0.03828125 0.046875
0 0.96015625 0.021875 0.03984375 0.04375
0 0.19453125 0.04609375 0.0703125 0.053125
0 0.01015625 0.678125 0.0203125 0.05234375
0 0.1484375 0.75703125 0.07578125 0.090625
0 0.9296875 0.9203125 0.06171875 0.06875