1 0.82265625 0.3359375 0.0765625 0.0859375
1 0.87109375 0.28125 0.0765625 0.08046875
0 0.1875 0.29765625 0.0296875 0.034375
0 0.3125 0.2984375 0.08671875 0.08359375
1 0.440625 0.234375 0.04765625 0.0515625
1 0.5125 0.14296875 0.19140625 0.1640625
1 0.62890625 0.26015625 0.1515625 0.1671875
1 0.5296875 0.57890625 0.08125 0.06796875
1 0.72421875 0.54375 0.0625 0.09375
1 0.9875 0.70390625 0.025 0.2078125
0 0.0734375 0.43203125 0.03359375 0.046875
0 0.1 0.36171875 0.06328125 0.0734375
0 0.14140625 0.596875 0.0890625 0.09609375
0 0.20703125 0.4546875 0.0359375 0.05234375
0 0.2515625 0.584375 0.0609375 0.05546875
0 0.315625 0.44296875 0.05390625 0.0515625
0 0.0609375 0.07734375 0.071875 0.0578125
0 0.1203125 0.25625 0.04765625 0.046875
0 0.56171875 0.44140625 0.07421875 0.0734375
0 0.73359375 0.06328125 0.05703125 0.0609375
0 0.50390625 0.92265625 0.0546875 0.05234375
0 0.07578125 0.96796875 0.05625 0.0640625
0 0.31796875 0.09140625 0.04296875 0.06171875
0 0.96640625 0.8703125 0.0515625 0.07421875
0 0.8234375 0.17890625 0.06953125 0.0671875
0 0.13515625 0.86484375 0.0765625 0.06484375