1 0.39765625 0.0640625 0.0921875 0.128125
1 0.7265625 0.4609375 0.05859375 0.03984375
1 0.88984375 0.48359375 0.05078125 0.0453125
1 0.91484375 0.3015625 0.05234375 0.05
1 0.9875 0.259375 0.025 0.05625
1 0.3140625 0.590625 0.0828125 0.09921875
1 0.41171875 0.49765625 0.0859375 0.08125
1 0.15078125 0.34921875 0.0765625 0.0640625
1 0.2921875 0.37890625 0.09453125 0.06796875
1 0.09296875 0.80859375 0.06484375 0.08671875
1 0.30859375 0.86171875 0.06328125 0.05703125
1 0.41015625 0.76953125 0.05078125 0.0421875
1 0.40078125 0.6953125 0.05625 0.0375
1 0.4484375 0.9484375 0.03203125 0.103125
1 0.61015625 0.92265625 0.0421875 0.07578125
1 0.65625 0.20859375 0.06328125 0.03125
1 0.859375 0.08125 0.06875 0.08125
1 0.4671875 0.20703125 0.084375 0.08515625
1 0.62734375 0.046875 0.07734375 0.06015625
1 0.97578125 0.91015625 0.04765625 0.028125
0 0.22421875 0.02421875 0.0640625 0.04765625