0 0.71328125 0.75703125 0.05546875 0.06171875
0 0.56953125 0.62734375 0.0296875 0.0703125
1 0.74609375 0.64375 0.06640625 0.08515625
1 0.95859375 0.66796875 0.0765625 0.1265625
1 0.1015625 0.2140625 0.05 0.0421875
1 0.325 0.175 0.128125 0.125
0 0.51875 0.4625 0.0578125 0.08671875
0 0.6 0.50234375 0.04296875 0.07421875
0 0.72578125 0.45390625 0.0734375 0.08515625
1 0.9 0.42109375 0.046875 0.04921875
1 0.01015625 0.4203125 0.0203125 0.05625
1 0.278125 0.99609375 0.0359375 0.0078125
0 0.5796875 0.99765625 0.0640625 0.00390625
1 0.75703125 0.9734375 0.0671875 0.053125
0 0.65 0.91953125 0.02890625 0.05703125
1 0.82265625 0.94375 0.028125 0.06171875
1 0.88203125 0.91171875 0.0828125 0.08671875
0 0.23125 0.46640625 0.05 0.0484375
1 0.27890625 0.59296875 0.02265625 0.040625
1 0.2828125 0.4765625 0.0203125 0.04765625
0 0.66875 0.328125 0.065625 0.04765625
1 0.75 0.28984375 0.04375 0.0328125
1 0.85625 0.27890625 0.03828125 0.05234375
1 0.84765625 0.11171875 0.0296875 0.02890625
0 0.415625 0.56953125 0.04296875 0.05546875
1 0.421875 0.47109375 0.04296875 0.0453125
0 0.20859375 0.39765625 0.0515625 0.04921875
1 0.34765625 0.43125 0.0453125 0.02890625
0 0.4234375 0.98359375 0.05625 0.0328125
1 0.41640625 0.95078125 0.053125 0.05
0 0.3859375 0.85078125 0.053125 0.071875
0 0.47734375 0.9171875 0.03671875 0.04375
0 0.5640625 0.940625 0.04765625 0.05234375
0 0.609375 0.87109375 0.08515625 0.04375
0 0.5046875 0.83359375 0.0375 0.03125
0 0.46328125 0.77890625 0.04609375 0.04375
0 0.43671875 0.36796875 0.0625 0.06640625
0 0.43125 0.28203125 0.04296875 0.04765625
0 0.4921875 0.33515625 0.05 0.04609375
0 0.0078125 0.7921875 0.015625 0.08828125
0 0.065625 0.82734375 0.01875 0.06328125
0 0.10703125 0.75 0.07109375 0.06328125
0 0.0859375 0.6875 0.0515625 0.05390625
0 0.053125 0.12421875 0.03203125 0.05546875
0 0.17265625 0.7984375 0.02578125 0.053125
0 0.8015625 0.8765625 0.0390625 0.05625