1 0.04921875 0.0375 0.05703125 0.04921875
1 0.39921875 0.29921875 0.17890625 0.15078125
1 0.3890625 0.07421875 0.05625 0.0515625
1 0.38828125 0.79453125 0.153125 0.23125
1 0.56328125 0.8078125 0.1171875 0.109375
1 0.84375 0.3890625 0.08671875 0.11328125
1 0.8859375 0.4984375 0.07421875 0.09921875
1 0.9265625 0.35234375 0.1 0.13515625
1 0.00234375 0.13828125 0.00390625 0.13984375
1 0.14375 0.01015625 0.05625 0.0203125
1 0.61484375 0.04375 0.05234375 0.06171875
1 0.69140625 0.1046875 0.078125 0.05546875
1 0.68828125 0.03828125 0.1203125 0.07578125
0 0.81796875 0.015625 0.0359375 0.03125
1 0.95 0.00390625 0.1 0.0078125
1 0.60703125 0.70859375 0.125 0.0953125
1 0.6203125 0.65625 0.0796875 0.071875
1 0.79921875 0.79296875 0.36796875 0.4140625
1 0.67578125 0.315625 0.078125 0.0859375
0 0.01171875 0.6578125 0.0234375 0.04375