1 0.05 0.96171875 0.1 0.07578125
1 0.3078125 0.78046875 0.09921875 0.08046875
0 0.82109375 0.946875 0.03203125 0.034375
1 0.93515625 0.9296875 0.06015625 0.08984375
1 0.98046875 0.82890625 0.0390625 0.1046875
1 0.49296875 0.875 0.08046875 0.0765625
1 0.321875 0.71484375 0.0828125 0.08359375
1 0.6953125 0.41875 0.053125 0.06796875
0 0.059375 0.66796875 0.084375 0.1046875
1 0.196875 0.66171875 0.03984375 0.04921875
1 0.2515625 0.68125 0.03828125 0.0484375
1 0.665625 0.6578125 0.07421875 0.0890625
1 0.98203125 0.3375 0.03515625 0.05703125
0 0.42578125 0.31640625 0.0265625 0.03828125
0 0.44140625 0.209375 0.0390625 0.05078125
0 0.584375 0.28359375 0.0796875 0.0984375
1 0.5890625 0.1421875 0.04140625 0.05078125
0 0.22265625 0.52578125 0.02109375 0.0375
0 0.321875 0.5125 0.03359375 0.040625
0 0.17421875 0.48984375 0.02109375 0.03125
0 0.2703125 0.48671875 0.0453125 0.03046875
0 0.34375 0.409375 0.06640625 0.05
1 0.521875 0.35625 0.034375 0.07109375
1 0.00390625 0.4578125 0.0078125 0.05234375
1 0.00390625 0.49375 0.0078125 0.0203125
1 0.10625 0.5328125 0.034375 0.03203125
1 0.253125 0.11796875 0.0484375 0.0421875
1 0.53984375 0.965625 0.05625 0.06796875
1 0.0359375 0.1421875 0.071875 0.27578125
0 0.2921875 0.06015625 0.040625 0.053125
0 0.3546875 0.13828125 0.0453125 0.059375
0 0.69453125 0.0796875 0.03046875 0.03828125
0 0.77265625 0.1609375 0.02421875 0.0390625
0 0.81015625 0.228125 0.03984375 0.053125
0 0.2140625 0.31484375 0.0765625 0.0765625
0 0.359375 0.5921875 0.0546875 0.06796875
0 0.71328125 0.5984375 0.0609375 0.06875
0 0.840625 0.52109375 0.040625 0.0515625
0 0.1296875 0.84765625 0.0578125 0.05078125
0 0.46328125 0.4953125 0.071875 0.059375
0 0.19453125 0.9109375 0.01953125 0.034375
1 0.490625 0.72421875 0.0546875 0.0671875
0 0.4140625 0.65 0.02109375 0.03359375
0 0.87734375 0.7359375 0.03515625 0.03828125
0 0.553125 0.56640625 0.03671875 0.04140625