1 0.10703125 0.77109375 0.05234375 0.06796875
1 0.62890625 0.70859375 0.07109375 0.07109375
1 0.70859375 0.09375 0.22421875 0.15390625
1 0.0421875 0.1296875 0.084375 0.13203125
1 0.01015625 0.10625 0.0203125 0.05234375
1 0.234375 0.2296875 0.0984375 0.10625
1 0.346875 0.75546875 0.1484375 0.125
1 0.37265625 0.51640625 0.1921875 0.2234375
0 0.30234375 0.29609375 0.0515625 0.0625
1 0.06796875 0.02578125 0.04375 0.05
1 0.0375 0.709375 0.03671875 0.02578125
1 0.02578125 0.63984375 0.0375 0.034375
1 0.0953125 0.53203125 0.053125 0.02734375