1 0.04375 0.45703125 0.0875 0.1078125
1 0.01171875 0.6375 0.0234375 0.075
1 0.13984375 0.559375 0.0703125 0.1171875
1 0.0203125 0.10390625 0.03984375 0.0796875
1 0.015625 0.01171875 0.03125 0.0234375
1 0.071875 0.9640625 0.078125 0.07109375
0 0.4046875 0.41171875 0.05234375 0.06015625
1 0.5359375 0.33359375 0.04609375 0.05
1 0.53203125 0.01796875 0.0796875 0.0359375
1 0.0640625 0.2828125 0.12578125 0.1390625
1 0.1890625 0.0953125 0.0734375 0.07734375
0 0.2046875 0.32265625 0.0359375 0.06484375
1 0.25625 0.25625 0.0546875 0.0703125
1 0.89453125 0.2421875 0.04453125 0.059375
0 0.55546875 0.13515625 0.06171875 0.05
0 0.22578125 0.4390625 0.04921875 0.040625
0 0.2828125 0.134375 0.02578125 0.0484375
0 0.33359375 0.15859375 0.025 0.028125
0 0.80859375 0.059375 0.0359375 0.05234375
0 0.31328125 0.58359375 0.02421875 0.04296875
0 0.42890625 0.5359375 0.04921875 0.05078125