1 0.80234375 0.5921875 0.3796875 0.334375
1 0.72109375 0.25546875 0.08828125 0.08515625
1 0.9796875 0.24375 0.03984375 0.0640625
1 0.58046875 0.9484375 0.15859375 0.103125
1 0.809375 0.97421875 0.065625 0.0515625
1 0.0890625 0.8515625 0.0796875 0.0703125
1 0.28046875 0.4625 0.0796875 0.0671875
1 0.3609375 0.478125 0.0796875 0.075
0 0.6296875 0.09765625 0.04140625 0.034375
0 0.646875 0.028125 0.0515625 0.04609375
0 0.7 0.09765625 0.05390625 0.0734375
0 0.51640625 0.53828125 0.05546875 0.05078125
0 0.05859375 0.25390625 0.05078125 0.07421875
0 0.04765625 0.1453125 0.053125 0.08125
0 0.07578125 0.00234375 0.05625 0.00390625