1 0.7390625 0.015625 0.05625 0.03125
1 0.8859375 0.13984375 0.228125 0.2796875
1 0.121875 0.38984375 0.10859375 0.08203125
1 0.36953125 0.93671875 0.08125 0.11171875
1 0.45625 0.7953125 0.11171875 0.09375
1 0.3 0.4453125 0.18203125 0.128125
1 0.0671875 0.5359375 0.11640625 0.21484375
1 0.17890625 0.63203125 0.05234375 0.06171875
1 0.28515625 0.70859375 0.06484375 0.05546875
1 0.35390625 0.6109375 0.0671875 0.084375
1 0.47421875 0.10390625 0.14765625 0.2078125
1 0.221875 0.109375 0.08203125 0.08203125
1 0.58515625 0.63984375 0.13671875 0.30234375
1 0.67734375 0.615625 0.04140625 0.06953125
1 0.70078125 0.55859375 0.0640625 0.06015625
1 0.76953125 0.4421875 0.04921875 0.05078125
1 0.87265625 0.690625 0.0796875 0.05234375
0 0.03515625 0.01171875 0.0328125 0.0234375
1 0.12109375 0.028125 0.040625 0.0390625
1 0.85 0.95546875 0.3 0.0890625
1 0.128125 0.94296875 0.11015625 0.1
0 0.0265625 0.82421875 0.02890625 0.03125
0 0.440625 0.540625 0.01640625 0.02265625