1 0.594635 0.316019 0.106657 0.11897 0.851604
1 0.892371 0.903055 0.181409 0.154814 0.781299
1 0.768896 0.533333 0.0975365 0.0819319 0.652977
1 0.861157 0.0694705 0.195264 0.138941 0.636378
1 0.885048 0.490872 0.0749711 0.0855817 0.555336
1 0.657036 0.0427474 0.052937 0.0663801 0.548444
1 0.940774 0.194845 0.118452 0.111028 0.546846
1 0.109556 0.83882 0.0765667 0.0811439 0.530943
1 0.182387 0.65104 0.0801196 0.0705569 0.470945
1 0.585582 0.805093 0.0528931 0.062701 0.397321
1 0.159924 0.142847 0.0520114 0.0635836 0.382561
1 0.944401 0.198222 0.102053 0.104578 0.360219
1 0.735971 0.0210862 0.0561157 0.0413098 0.355196
1 0.707698 0.229281 0.0348159 0.0479742 0.301106
1 0.357603 0.902692 0.0494826 0.0551043 0.299778
1 0.758146 0.768569 0.0536918 0.0596493 0.28991
1 0.487052 0.122457 0.0537343 0.051425 0.281757
1 0.381242 0.830947 0.0744416 0.0946671 0.262173
1 0.307305 0.0788341 0.0342916 0.0404921 0.231413
1 0.183188 0.650783 0.065685 0.0588071 0.207986
1 0.41927 0.910451 0.0495351 0.0595253 0.188642
1 0.3334 0.811054 0.0805178 0.071757 0.181806
1 0.892707 0.399337 0.0563865 0.0626232 0.172679
1 0.610375 0.978421 0.0692359 0.0431576 0.168946
1 0.115584 0.840929 0.0640826 0.0704133 0.163642
1 0.485859 0.123449 0.039519 0.0430366 0.160363
1 0.971018 0.324593 0.0517028 0.0578473 0.155935
1 0.893245 0.401556 0.046996 0.0517807 0.154001
1 0.38484 0.981222 0.0597459 0.0375568 0.142567
1 0.61844 0.979975 0.0672456 0.039082 0.132122
1 0.383032 0.986642 0.0469728 0.0265254 0.129989
1 0.357138 0.902862 0.0673912 0.0660578 0.128523
1 0.892537 0.492216 0.0758016 0.0835461 0.127411
1 0.546907 0.719345 0.0308033 0.036504 0.125181
1 0.366746 0.198643 0.0417726 0.049977 0.122408
1 0.159608 0.141641 0.0729073 0.0757067 0.120469
1 0.785258 0.651892 0.0301464 0.0349298 0.115875
1 0.971393 0.324799 0.0375426 0.0460273 0.108465
0 0.298587 0.500251 0.0535114 0.0544566 0.101499
