1 0.161497 0.252883 0.24377 0.264688 0.784122
1 0.895807 0.579374 0.0867728 0.0801196 0.71489
1 0.770287 0.75195 0.0791215 0.0664641 0.676654
1 0.444578 0.655689 0.0552047 0.0617928 0.501776
1 0.657014 0.250646 0.0723509 0.0749028 0.394946
1 0.20985 0.61655 0.041893 0.0544377 0.356278
1 0.818301 0.957434 0.0559716 0.0628644 0.344565
1 0.0293309 0.680817 0.0586618 0.104064 0.339759
1 0.20001 0.0388781 0.0674363 0.0620133 0.332353
1 0.0542121 0.519249 0.0393368 0.0454254 0.328537
1 0.520503 0.580924 0.0447922 0.0452692 0.314636
1 0.656531 0.251571 0.0571418 0.0629174 0.294966
1 0.836784 0.451089 0.0523823 0.0607667 0.259872
1 0.735723 0.387228 0.0373162 0.0439224 0.255127
1 0.368794 0.737428 0.0948071 0.0792561 0.252471
1 0.0187537 0.433805 0.0375073 0.0706183 0.227825
1 0.244603 0.980072 0.0632907 0.0380542 0.222826
1 0.0314478 0.884264 0.0576116 0.0730844 0.214756
1 0.717916 0.66791 0.0697865 0.0686139 0.209337
1 0.44824 0.305117 0.0523767 0.0598131 0.208451
1 0.158467 0.231647 0.247716 0.265876 0.202938
1 0.736654 0.386563 0.0508474 0.0543979 0.196788
1 0.258077 0.611967 0.0761724 0.0906935 0.186906
1 0.643566 0.950583 0.0783946 0.0961375 0.177493
1 0.0241688 0.680054 0.0483377 0.101052 0.177476
1 0.769676 0.750214 0.0952591 0.0819799 0.175873
1 0.087188 0.702139 0.0475469 0.056676 0.165521
1 0.203891 0.0410281 0.0579435 0.0551635 0.164294
1 0.815649 0.347305 0.0313599 0.0362741 0.162324
1 0.368458 0.741005 0.0813374 0.0689709 0.162103
1 0.136099 0.509099 0.0385686 0.0439392 0.149113
1 0.523097 0.72426 0.0596928 0.0575648 0.147165
1 0.38078 0.180298 0.0620881 0.0654816 0.142474
1 0.830852 0.90995 0.0501761 0.045891 0.117409
1 0.575351 0.308256 0.0403061 0.0453537 0.116794
1 0.257589 0.613895 0.0614133 0.0823813 0.113957
1 0.092242 0.70097 0.0499861 0.0590324 0.113534
1 0.836802 0.45015 0.0697845 0.0735669 0.111145
0 0.884311 0.293931 0.0479643 0.0510029 0.10892
1 0.556533 0.454522 0.0453834 0.0503419 0.108323
1 0.576679 0.308723 0.0306183 0.0371115 0.107476
1 0.0909204 0.702879 0.0375746 0.0468555 0.102672
1 0.445249 0.6527 0.0794668 0.0793019 0.10169
