1 0.244963 0.815784 0.100232 0.081655 0.613183
1 0.956466 0.767921 0.0732393 0.0743485 0.580045
1 0.806185 0.167254 0.0720327 0.0671664 0.571333
1 0.919196 0.0733369 0.0986252 0.0833757 0.521952
1 0.642375 0.103223 0.172222 0.194059 0.463811
1 0.182085 0.408166 0.109656 0.109109 0.354923
1 0.584568 0.839671 0.0501665 0.0566842 0.338373
1 0.280275 0.154865 0.0888429 0.156877 0.326459
1 0.443899 0.942333 0.0522651 0.0634254 0.326447
1 0.783496 0.259728 0.0686668 0.0656998 0.323119
1 0.261978 0.912506 0.171766 0.167194 0.30546
1 0.507431 0.091734 0.112537 0.123101 0.292457
1 0.182374 0.411407 0.0963385 0.0945999 0.283424
1 0.430646 0.165601 0.111537 0.0848146 0.267774
1 0.167801 0.503411 0.0690396 0.0965481 0.250422
1 0.944378 0.879898 0.0668106 0.073392 0.242812
1 0.744059 0.386676 0.0699462 0.0752753 0.237892
1 0.560963 0.751581 0.0555437 0.0566007 0.231097
1 0.936028 0.935929 0.127945 0.128143 0.223404
1 0.91954 0.0757871 0.0846652 0.0669385 0.189278
1 0.783653 0.261878 0.0539908 0.052724 0.176709
1 0.806683 0.164131 0.0977245 0.0863247 0.174981
1 0.0665519 0.0315936 0.0295797 0.0368764 0.173925
1 0.356264 0.500677 0.102158 0.096135 0.161349
1 0.24107 0.9127 0.196139 0.16042 0.154369
1 0.53327 0.545877 0.0821749 0.0779131 0.139028
1 0.708378 0.976193 0.081214 0.0476143 0.136459
1 0.417498 0.164883 0.137567 0.0949106 0.133509
1 0.145358 0.76333 0.290716 0.473339 0.130918
1 0.229868 0.115602 0.0356377 0.0436454 0.126969
1 0.765876 0.0422963 0.0366757 0.0466819 0.117998
1 0.541137 0.546608 0.062866 0.0705737 0.114809
1 0.961634 0.364969 0.0488691 0.0496811 0.110664
1 0.23034 0.114124 0.0458281 0.0492095 0.10996
1 0.517211 0.426843 0.104625 0.0865522 0.10899
1 0.732598 0.171291 0.0422357 0.0628653 0.106992
1 0.584305 0.839389 0.0694598 0.0688502 0.102596
1 0.763377 0.0431306 0.0479736 0.0565451 0.100718
