1 0.761369 0.0859554 0.148194 0.162737 0.741847
1 0.732854 0.626543 0.0711818 0.0719661 0.497648
1 0.732669 0.625416 0.0914972 0.0864914 0.285328
1 0.367821 0.0979673 0.0429757 0.0489743 0.279713
1 0.0290827 0.518655 0.0546392 0.149408 0.266474
0 0.281529 0.168672 0.0392581 0.046813 0.187042
1 0.257368 0.675936 0.0416853 0.0486864 0.177928
1 0.258058 0.675201 0.0544635 0.0598904 0.157841
0 0.704261 0.770415 0.0395722 0.0440396 0.148438
1 0.195688 0.0323058 0.0886386 0.0646116 0.137256
1 0.97988 0.153899 0.0372388 0.0601924 0.125453
1 0.924125 0.927406 0.0450962 0.0528814 0.11502
0 0.335286 0.622537 0.0431802 0.0513213 0.113134
1 0.218854 0.410537 0.0514169 0.0691012 0.111771
1 0.200256 0.320061 0.0481045 0.0521652 0.107611
1 0.848803 0.559881 0.0467933 0.0480297 0.107352
0 0.44868 0.479292 0.0388665 0.0432094 0.104036
