1 0.0822638 0.512815 0.107341 0.113727 0.765701
1 0.818979 0.236547 0.158044 0.164581 0.689633
1 0.582255 0.90849 0.0680815 0.0657171 0.638877
1 0.444312 0.713778 0.0729103 0.0831155 0.53753
1 0.756519 0.381852 0.112404 0.101531 0.527476
1 0.296651 0.38386 0.0779491 0.0763056 0.51849
1 0.23083 0.12533 0.0780578 0.0836642 0.469471
1 0.466765 0.433755 0.054734 0.0622341 0.445207
1 0.507985 0.842299 0.0642861 0.0881777 0.408862
1 0.158031 0.969248 0.0518132 0.0550188 0.40446
1 0.946676 0.73538 0.0710075 0.0860281 0.384241
1 0.185334 0.0314092 0.0489353 0.0541664 0.366098
1 0.132452 0.723914 0.0767803 0.0884383 0.357759
1 0.131191 0.229856 0.0842714 0.0657527 0.351259
1 0.80693 0.918384 0.0782587 0.0981163 0.349945
1 0.536711 0.143792 0.0425021 0.0475564 0.322371
1 0.23186 0.893498 0.0593652 0.0719541 0.319623
1 0.6829 0.172453 0.0922094 0.0955034 0.297941
1 0.931699 0.146279 0.043262 0.0552292 0.297307
1 0.755526 0.754157 0.0889994 0.118739 0.288343
1 0.444664 0.710625 0.0911053 0.102607 0.285264
1 0.85539 0.0466525 0.0718217 0.0718649 0.281704
1 0.757304 0.385249 0.0964931 0.0869524 0.278239
1 0.473674 0.265702 0.0550625 0.060135 0.263757
1 0.682066 0.176692 0.0761783 0.0825112 0.252609
1 0.947237 0.736405 0.0573016 0.0715771 0.250337
1 0.655149 0.648437 0.0687316 0.0762685 0.24042
1 0.183271 0.281996 0.0616401 0.0748341 0.209904
1 0.297058 0.385396 0.0633547 0.0635035 0.207174
1 0.646285 0.460769 0.0693713 0.0773636 0.200287
1 0.417405 0.416963 0.0423368 0.0492698 0.19888
1 0.647314 0.462023 0.0516973 0.0636799 0.195348
1 0.230958 0.125804 0.0621228 0.0690066 0.192426
1 0.132619 0.724756 0.0615003 0.0741388 0.191248
1 0.517343 0.843562 0.0662415 0.0852199 0.174339
1 0.647627 0.833591 0.0576185 0.0629554 0.163322
1 0.178289 0.503114 0.0292455 0.0388209 0.147351
1 0.909489 0.813056 0.0271313 0.0347366 0.147146
1 0.392136 0.91965 0.0466608 0.0395315 0.14492
1 0.620602 0.0542036 0.0489567 0.0518111 0.144758
1 0.41045 0.0613188 0.0375493 0.0388293 0.144237
1 0.784482 0.667335 0.0384349 0.0379794 0.143739
1 0.560275 0.0157009 0.0613325 0.0314018 0.14369
1 0.217852 0.323354 0.0485371 0.0507334 0.141856
1 0.740904 0.934023 0.0350103 0.0412095 0.139736
1 0.319042 0.123291 0.0494039 0.0584643 0.139332
1 0.554395 0.0140776 0.0620757 0.0281551 0.126719
1 0.354315 0.303596 0.0390986 0.045749 0.120436
1 0.411965 0.0602356 0.0518831 0.0514435 0.118806
1 0.560973 0.789275 0.0518653 0.0651511 0.117193
0 0.396261 0.218166 0.0348403 0.0368711 0.110812
1 0.40531 0.854531 0.0420933 0.0480051 0.109566
1 0.731759 0.706728 0.0621973 0.0456508 0.1085
0 0.848784 0.630748 0.0545291 0.0570055 0.106048
0 0.855448 0.630784 0.051128 0.0508936 0.102995
1 0.46388 0.433554 0.0717126 0.0765427 0.102924
